# Blender v2.68 (sub 0) OBJ File: ''
# www.blender.org
v 0.437500 0.164062 0.765625
v -0.437500 0.164062 0.765625
v 0.500000 0.093750 0.687500
v -0.500000 0.093750 0.687500
v 0.546875 0.054687 0.578125
v -0.546875 0.054687 0.578125
v 0.351562 -0.023438 0.617188
v -0.351562 -0.023438 0.617188
v 0.351562 0.031250 0.718750
v -0.351562 0.031250 0.718750
v 0.351562 0.132812 0.781250
v -0.351562 0.132812 0.781250
v 0.273438 0.164062 0.796875
v -0.273438 0.164062 0.796875
v 0.203125 0.093750 0.742188
v -0.203125 0.093750 0.742188
v 0.156250 0.054687 0.648438
v -0.156250 0.054687 0.648438
v 0.078125 0.242187 0.656250
v -0.078125 0.242187 0.656250
v 0.140625 0.242187 0.742188
v -0.140625 0.242187 0.742188
v 0.242188 0.242187 0.796875
v -0.242188 0.242187 0.796875
v 0.273438 0.328125 0.796875
v -0.273438 0.328125 0.796875
v 0.203125 0.390625 0.742188
v -0.203125 0.390625 0.742188
v 0.156250 0.437500 0.648438
v -0.156250 0.437500 0.648438
v 0.351562 0.515625 0.617188
v -0.351562 0.515625 0.617188
v 0.351562 0.453125 0.718750
v -0.351562 0.453125 0.718750
v 0.351562 0.359375 0.781250
v -0.351562 0.359375 0.781250
v 0.437500 0.328125 0.765625
v -0.437500 0.328125 0.765625
v 0.500000 0.390625 0.687500
v -0.500000 0.390625 0.687500
v 0.546875 0.437500 0.578125
v -0.546875 0.437500 0.578125
v 0.625000 0.242187 0.562500
v -0.625000 0.242187 0.562500
v 0.562500 0.242187 0.671875
v -0.562500 0.242187 0.671875
v 0.468750 0.242187 0.757812
v -0.468750 0.242187 0.757812
v 0.476562 0.242187 0.773438
v -0.476562 0.242187 0.773438
v 0.445312 0.335937 0.781250
v -0.445312 0.335937 0.781250
v 0.351562 0.375000 0.804688
v -0.351562 0.375000 0.804688
v 0.265625 0.335937 0.820312
v -0.265625 0.335937 0.820312
v 0.226562 0.242187 0.820312
v -0.226562 0.242187 0.820312
v 0.265625 0.156250 0.820312
v -0.265625 0.156250 0.820312
v 0.351562 0.242187 0.828125
v -0.351562 0.242187 0.828125
v 0.351562 0.117187 0.804688
v -0.351562 0.117187 0.804688
v 0.445312 0.156250 0.781250
v -0.445312 0.156250 0.781250
v 0.000000 0.429687 0.742188
v 0.000000 0.351562 0.820312
v 0.000000 -0.679688 0.734375
v 0.000000 -0.320313 0.781250
v 0.000000 -0.187500 0.796875
v 0.000000 -0.773438 0.718750
v 0.000000 0.406250 0.601562
v 0.000000 0.570312 0.570312
v 0.000000 0.898438 -0.546875
v 0.000000 0.562500 -0.851562
v 0.000000 0.070313 -0.828125
v 0.000000 -0.382812 -0.351563
v 0.203125 -0.187500 0.562500
v -0.203125 -0.187500 0.562500
v 0.312500 -0.437500 0.570312
v -0.312500 -0.437500 0.570312
v 0.351562 -0.695312 0.570312
v -0.351562 -0.695312 0.570312
v 0.367188 -0.890625 0.531250
v -0.367188 -0.890625 0.531250
v 0.328125 -0.945312 0.523437
v -0.328125 -0.945312 0.523437
v 0.179688 -0.968750 0.554687
v -0.179688 -0.968750 0.554687
v 0.000000 -0.984375 0.578125
v 0.437500 -0.140625 0.531250
v -0.437500 -0.140625 0.531250
v 0.632812 -0.039063 0.539062
v -0.632812 -0.039063 0.539062
v 0.828125 0.148437 0.445312
v -0.828125 0.148437 0.445312
v 0.859375 0.429687 0.593750
v -0.859375 0.429687 0.593750
v 0.710938 0.484375 0.625000
v -0.710938 0.484375 0.625000
v 0.492188 0.601562 0.687500
v -0.492188 0.601562 0.687500
v 0.320312 0.757812 0.734375
v -0.320312 0.757812 0.734375
v 0.156250 0.718750 0.757813
v -0.156250 0.718750 0.757813
v 0.062500 0.492187 0.750000
v -0.062500 0.492187 0.750000
v 0.164062 0.414062 0.773438
v -0.164062 0.414062 0.773438
v 0.125000 0.304687 0.765625
v -0.125000 0.304687 0.765625
v 0.203125 0.093750 0.742188
v -0.203125 0.093750 0.742188
v 0.375000 0.015625 0.703125
v -0.375000 0.015625 0.703125
v 0.492188 0.062500 0.671875
v -0.492188 0.062500 0.671875
v 0.625000 0.187500 0.648438
v -0.625000 0.187500 0.648438
v 0.640625 0.296875 0.648438
v -0.640625 0.296875 0.648438
v 0.601562 0.375000 0.664062
v -0.601562 0.375000 0.664062
v 0.429688 0.437500 0.718750
v -0.429688 0.437500 0.718750
v 0.250000 0.468750 0.757812
v -0.250000 0.468750 0.757812
v 0.000000 -0.765625 0.734375
v 0.109375 -0.718750 0.734375
v -0.109375 -0.718750 0.734375
v 0.117188 -0.835938 0.710937
v -0.117188 -0.835938 0.710937
v 0.062500 -0.882813 0.695312
v -0.062500 -0.882813 0.695312
v 0.000000 -0.890625 0.687500
v 0.000000 -0.195313 0.750000
v 0.000000 -0.140625 0.742188
v 0.101562 -0.148438 0.742188
v -0.101562 -0.148438 0.742188
v 0.125000 -0.226563 0.750000
v -0.125000 -0.226563 0.750000
v 0.085938 -0.289063 0.742188
v -0.085938 -0.289063 0.742188
v 0.398438 -0.046875 0.671875
v -0.398438 -0.046875 0.671875
v 0.617188 0.054687 0.625000
v -0.617188 0.054687 0.625000
v 0.726562 0.203125 0.601562
v -0.726562 0.203125 0.601562
v 0.742188 0.375000 0.656250
v -0.742188 0.375000 0.656250
v 0.687500 0.414062 0.726562
v -0.687500 0.414062 0.726562
v 0.437500 0.546875 0.796875
v -0.437500 0.546875 0.796875
v 0.312500 0.640625 0.835938
v -0.312500 0.640625 0.835938
v 0.203125 0.617187 0.851562
v -0.203125 0.617187 0.851562
v 0.101562 0.429687 0.843750
v -0.101562 0.429687 0.843750
v 0.125000 -0.101563 0.812500
v -0.125000 -0.101563 0.812500
v 0.210938 -0.445313 0.710938
v -0.210938 -0.445313 0.710938
v 0.250000 -0.703125 0.687500
v -0.250000 -0.703125 0.687500
v 0.265625 -0.820312 0.664062
v -0.265625 -0.820312 0.664062
v 0.234375 -0.914062 0.632812
v -0.234375 -0.914062 0.632812
v 0.164062 -0.929688 0.632812
v -0.164062 -0.929688 0.632812
v 0.000000 -0.945312 0.640625
v 0.000000 0.046875 0.726562
v 0.000000 0.210937 0.765625
v 0.328125 0.476562 0.742188
v -0.328125 0.476562 0.742188
v 0.164062 0.140625 0.750000
v -0.164062 0.140625 0.750000
v 0.132812 0.210937 0.757812
v -0.132812 0.210937 0.757812
v 0.117188 -0.687500 0.734375
v -0.117188 -0.687500 0.734375
v 0.078125 -0.445313 0.750000
v -0.078125 -0.445313 0.750000
v 0.000000 -0.445313 0.750000
v 0.000000 -0.328125 0.742188
v 0.093750 -0.273438 0.781250
v -0.093750 -0.273438 0.781250
v 0.132812 -0.226563 0.796875
v -0.132812 -0.226563 0.796875
v 0.109375 -0.132813 0.781250
v -0.109375 -0.132813 0.781250
v 0.039062 -0.125000 0.781250
v -0.039062 -0.125000 0.781250
v 0.000000 -0.203125 0.828125
v 0.046875 -0.148438 0.812500
v -0.046875 -0.148438 0.812500
v 0.093750 -0.156250 0.812500
v -0.093750 -0.156250 0.812500
v 0.109375 -0.226563 0.828125
v -0.109375 -0.226563 0.828125
v 0.078125 -0.250000 0.804688
v -0.078125 -0.250000 0.804688
v 0.000000 -0.289063 0.804688
v 0.257812 -0.312500 0.554688
v -0.257812 -0.312500 0.554688
v 0.164062 -0.242188 0.710938
v -0.164062 -0.242188 0.710938
v 0.179688 -0.312500 0.710938
v -0.179688 -0.312500 0.710938
v 0.234375 -0.250000 0.554688
v -0.234375 -0.250000 0.554688
v 0.000000 -0.875000 0.687500
v 0.046875 -0.867188 0.687500
v -0.046875 -0.867188 0.687500
v 0.093750 -0.820313 0.710937
v -0.093750 -0.820313 0.710937
v 0.093750 -0.742188 0.726562
v -0.093750 -0.742188 0.726562
v 0.000000 -0.781250 0.656250
v 0.093750 -0.750000 0.664062
v -0.093750 -0.750000 0.664062
v 0.093750 -0.812500 0.640625
v -0.093750 -0.812500 0.640625
v 0.046875 -0.851562 0.632812
v -0.046875 -0.851562 0.632812
v 0.000000 -0.859375 0.632812
v 0.171875 0.218750 0.781250
v -0.171875 0.218750 0.781250
v 0.187500 0.156250 0.773438
v -0.187500 0.156250 0.773438
v 0.335938 0.429687 0.757812
v -0.335938 0.429687 0.757812
v 0.273438 0.421875 0.773438
v -0.273438 0.421875 0.773438
v 0.421875 0.398437 0.773438
v -0.421875 0.398437 0.773438
v 0.562500 0.351562 0.695312
v -0.562500 0.351562 0.695312
v 0.585938 0.289062 0.687500
v -0.585938 0.289062 0.687500
v 0.578125 0.195312 0.679688
v -0.578125 0.195312 0.679688
v 0.476562 0.101562 0.718750
v -0.476562 0.101562 0.718750
v 0.375000 0.062500 0.742188
v -0.375000 0.062500 0.742188
v 0.226562 0.109375 0.781250
v -0.226562 0.109375 0.781250
v 0.179688 0.296875 0.781250
v -0.179688 0.296875 0.781250
v 0.210938 0.375000 0.781250
v -0.210938 0.375000 0.781250
v 0.234375 0.359375 0.757812
v -0.234375 0.359375 0.757812
v 0.195312 0.296875 0.757812
v -0.195312 0.296875 0.757812
v 0.242188 0.125000 0.757812
v -0.242188 0.125000 0.757812
v 0.375000 0.085937 0.726562
v -0.375000 0.085937 0.726562
v 0.460938 0.117187 0.703125
v -0.460938 0.117187 0.703125
v 0.546875 0.210937 0.671875
v -0.546875 0.210937 0.671875
v 0.554688 0.281250 0.671875
v -0.554688 0.281250 0.671875
v 0.531250 0.335937 0.679688
v -0.531250 0.335937 0.679688
v 0.414062 0.390625 0.750000
v -0.414062 0.390625 0.750000
v 0.281250 0.398437 0.765625
v -0.281250 0.398437 0.765625
v 0.335938 0.406250 0.750000
v -0.335938 0.406250 0.750000
v 0.203125 0.171875 0.750000
v -0.203125 0.171875 0.750000
v 0.195312 0.226562 0.750000
v -0.195312 0.226562 0.750000
v 0.109375 0.460937 0.609375
v -0.109375 0.460937 0.609375
v 0.195312 0.664062 0.617188
v -0.195312 0.664062 0.617188
v 0.335938 0.687500 0.593750
v -0.335938 0.687500 0.593750
v 0.484375 0.554688 0.554688
v -0.484375 0.554688 0.554688
v 0.679688 0.453125 0.492188
v -0.679688 0.453125 0.492188
v 0.796875 0.406250 0.460938
v -0.796875 0.406250 0.460938
v 0.773438 0.164062 0.375000
v -0.773438 0.164062 0.375000
v 0.601562 -0.000000 0.414062
v -0.601562 -0.000000 0.414062
v 0.437500 -0.093750 0.468750
v -0.437500 -0.093750 0.468750
v 0.000000 0.898438 0.289063
v 0.000000 0.984375 -0.078125
v 0.000000 -0.195312 -0.671875
v 0.000000 -0.460938 0.187500
v 0.000000 -0.976562 0.460937
v 0.000000 -0.804688 0.343750
v 0.000000 -0.570312 0.320312
v 0.000000 -0.484375 0.281250
v 0.851562 0.234375 0.054688
v -0.851562 0.234375 0.054688
v 0.859375 0.320312 -0.046875
v -0.859375 0.320312 -0.046875
v 0.773438 0.265625 -0.437500
v -0.773438 0.265625 -0.437500
v 0.460938 0.437500 -0.703125
v -0.460938 0.437500 -0.703125
v 0.734375 -0.046875 0.070312
v -0.734375 -0.046875 0.070312
v 0.593750 -0.125000 -0.164062
v -0.593750 -0.125000 -0.164062
v 0.640625 -0.007812 -0.429688
v -0.640625 -0.007812 -0.429688
v 0.335938 0.054688 -0.664062
v -0.335938 0.054688 -0.664062
v 0.234375 -0.351563 0.406250
v -0.234375 -0.351563 0.406250
v 0.179688 -0.414062 0.257812
v -0.179688 -0.414062 0.257812
v 0.289062 -0.710938 0.382812
v -0.289062 -0.710938 0.382812
v 0.250000 -0.500000 0.390625
v -0.250000 -0.500000 0.390625
v 0.328125 -0.914062 0.398437
v -0.328125 -0.914062 0.398437
v 0.140625 -0.757812 0.367187
v -0.140625 -0.757812 0.367187
v 0.125000 -0.539062 0.359375
v -0.125000 -0.539062 0.359375
v 0.164062 -0.945312 0.437500
v -0.164062 -0.945312 0.437500
v 0.218750 -0.281250 0.429688
v -0.218750 -0.281250 0.429688
v 0.210938 -0.226563 0.468750
v -0.210938 -0.226563 0.468750
v 0.203125 -0.171875 0.500000
v -0.203125 -0.171875 0.500000
v 0.210938 -0.390625 0.164062
v -0.210938 -0.390625 0.164062
v 0.296875 -0.312500 -0.265625
v -0.296875 -0.312500 -0.265625
v 0.343750 -0.148437 -0.539062
v -0.343750 -0.148437 -0.539062
v 0.453125 0.867188 -0.382812
v -0.453125 0.867188 -0.382812
v 0.453125 0.929688 -0.070312
v -0.453125 0.929688 -0.070312
v 0.453125 0.851562 0.234375
v -0.453125 0.851562 0.234375
v 0.460938 0.523438 0.429688
v -0.460938 0.523438 0.429688
v 0.726562 0.406250 0.335938
v -0.726562 0.406250 0.335938
v 0.632812 0.453125 0.281250
v -0.632812 0.453125 0.281250
v 0.640625 0.703125 0.054688
v -0.640625 0.703125 0.054688
v 0.796875 0.562500 0.125000
v -0.796875 0.562500 0.125000
v 0.796875 0.617188 -0.117187
v -0.796875 0.617188 -0.117187
v 0.640625 0.750000 -0.195312
v -0.640625 0.750000 -0.195312
v 0.640625 0.679688 -0.445312
v -0.640625 0.679688 -0.445312
v 0.796875 0.539062 -0.359375
v -0.796875 0.539062 -0.359375
v 0.617188 0.328125 -0.585938
v -0.617188 0.328125 -0.585938
v 0.484375 0.023438 -0.546875
v -0.484375 0.023438 -0.546875
v 0.820312 0.328125 -0.203125
v -0.820312 0.328125 -0.203125
v 0.406250 -0.171875 0.148437
v -0.406250 -0.171875 0.148437
v 0.429688 -0.195312 -0.210938
v -0.429688 -0.195312 -0.210938
v 0.890625 0.406250 -0.234375
v -0.890625 0.406250 -0.234375
v 0.773438 -0.140625 -0.125000
v -0.773438 -0.140625 -0.125000
v 1.039062 -0.101562 -0.328125
v -1.039062 -0.101562 -0.328125
v 1.281250 0.054688 -0.429688
v -1.281250 0.054688 -0.429688
v 1.351562 0.320313 -0.421875
v -1.351562 0.320313 -0.421875
v 1.234375 0.507812 -0.421875
v -1.234375 0.507812 -0.421875
v 1.023438 0.476562 -0.312500
v -1.023438 0.476562 -0.312500
v 1.015625 0.414062 -0.289062
v -1.015625 0.414062 -0.289062
v 1.187500 0.437500 -0.390625
v -1.187500 0.437500 -0.390625
v 1.265625 0.289063 -0.406250
v -1.265625 0.289063 -0.406250
v 1.210938 0.078125 -0.406250
v -1.210938 0.078125 -0.406250
v 1.031250 -0.039062 -0.304688
v -1.031250 -0.039062 -0.304688
v 0.828125 -0.070312 -0.132812
v -0.828125 -0.070312 -0.132812
v 0.921875 0.359375 -0.218750
v -0.921875 0.359375 -0.218750
v 0.945312 0.304688 -0.289062
v -0.945312 0.304688 -0.289062
v 0.882812 -0.023437 -0.210938
v -0.882812 -0.023437 -0.210938
v 1.039062 0.000000 -0.367188
v -1.039062 0.000000 -0.367188
v 1.187500 0.093750 -0.445312
v -1.187500 0.093750 -0.445312
v 1.234375 0.250000 -0.445312
v -1.234375 0.250000 -0.445312
v 1.171875 0.359375 -0.437500
v -1.171875 0.359375 -0.437500
v 1.023438 0.343750 -0.359375
v -1.023438 0.343750 -0.359375
v 0.843750 0.289062 -0.210937
v -0.843750 0.289062 -0.210937
v 0.835938 0.171875 -0.273438
v -0.835938 0.171875 -0.273438
v 0.757812 0.093750 -0.273438
v -0.757812 0.093750 -0.273438
v 0.820312 0.085938 -0.273438
v -0.820312 0.085938 -0.273438
v 0.843750 0.015625 -0.273438
v -0.843750 0.015625 -0.273438
v 0.812500 -0.015625 -0.273438
v -0.812500 -0.015625 -0.273438
v 0.726562 0.000000 -0.070312
v -0.726562 0.000000 -0.070312
v 0.718750 -0.023437 -0.171875
v -0.718750 -0.023437 -0.171875
v 0.718750 0.039063 -0.187500
v -0.718750 0.039063 -0.187500
v 0.796875 0.203125 -0.210937
v -0.796875 0.203125 -0.210937
v 0.890625 0.242188 -0.265625
v -0.890625 0.242188 -0.265625
v 0.890625 0.234375 -0.320312
v -0.890625 0.234375 -0.320312
v 0.812500 -0.015625 -0.320312
v -0.812500 -0.015625 -0.320312
v 0.851562 0.015625 -0.320312
v -0.851562 0.015625 -0.320312
v 0.828125 0.078125 -0.320312
v -0.828125 0.078125 -0.320312
v 0.765625 0.093750 -0.320312
v -0.765625 0.093750 -0.320312
v 0.843750 0.171875 -0.320312
v -0.843750 0.171875 -0.320312
v 1.039062 0.328125 -0.414062
v -1.039062 0.328125 -0.414062
v 1.187500 0.343750 -0.484375
v -1.187500 0.343750 -0.484375
v 1.257812 0.242188 -0.492188
v -1.257812 0.242188 -0.492188
v 1.210938 0.085938 -0.484375
v -1.210938 0.085938 -0.484375
v 1.046875 0.000000 -0.421875
v -1.046875 0.000000 -0.421875
v 0.882812 -0.015625 -0.265625
v -0.882812 -0.015625 -0.265625
v 0.953125 0.289063 -0.343750
v -0.953125 0.289063 -0.343750
v 0.890625 0.109375 -0.328125
v -0.890625 0.109375 -0.328125
v 0.937500 0.062500 -0.335938
v -0.937500 0.062500 -0.335938
v 1.000000 0.125000 -0.367188
v -1.000000 0.125000 -0.367188
v 0.960938 0.171875 -0.351562
v -0.960938 0.171875 -0.351562
v 1.015625 0.234375 -0.375000
v -1.015625 0.234375 -0.375000
v 1.054688 0.187500 -0.382812
v -1.054688 0.187500 -0.382812
v 1.109375 0.210938 -0.390625
v -1.109375 0.210938 -0.390625
v 1.085938 0.273438 -0.390625
v -1.085938 0.273438 -0.390625
v 1.023438 0.437500 -0.484375
v -1.023438 0.437500 -0.484375
v 1.250000 0.468750 -0.546875
v -1.250000 0.468750 -0.546875
v 1.367188 0.296875 -0.500000
v -1.367188 0.296875 -0.500000
v 1.312500 0.054688 -0.531250
v -1.312500 0.054688 -0.531250
v 1.039062 -0.085937 -0.492188
v -1.039062 -0.085937 -0.492188
v 0.789062 -0.125000 -0.328125
v -0.789062 -0.125000 -0.328125
v 0.859375 0.382813 -0.382812
v -0.859375 0.382813 -0.382812
vn 0.663036 -0.192883 0.723312
vn -0.666010 -0.204926 0.717242
vn 0.828520 -0.299015 0.473440
vn -0.830101 -0.307090 0.465433
vn 0.425062 -0.779280 0.460484
vn -0.408092 -0.803818 0.432825
vn 0.338487 -0.548583 0.764515
vn -0.371366 -0.486617 0.790753
vn -0.039277 -0.523693 0.851001
vn 0.099184 -0.547220 0.831091
vn -0.283710 -0.844293 0.454619
vn 0.258889 -0.838801 0.478945
vn -0.765568 -0.322344 0.556777
vn 0.765568 -0.322344 0.556777
vn -0.465798 -0.186319 0.865053
vn 0.465798 -0.186319 0.865053
vn -0.467208 0.169894 0.867671
vn 0.482283 0.203067 0.852154
vn -0.771027 0.324643 0.547835
vn 0.771027 0.324643 0.547835
vn -0.265910 0.820997 0.505229
vn 0.265910 0.820997 0.505229
vn -0.055385 0.553849 0.830773
vn 0.055385 0.553849 0.830773
vn 0.344839 0.578837 0.738941
vn -0.344839 0.578837 0.738941
vn 0.423136 0.752934 0.504030
vn -0.423136 0.752934 0.504030
vn 0.828520 0.299015 0.473440
vn -0.828520 0.299015 0.473440
vn 0.665187 0.175917 0.725658
vn -0.665187 0.175917 0.725658
vn 0.768350 0.329293 -0.548821
vn -0.768350 0.329293 -0.548821
vn 0.197727 0.815623 -0.543749
vn -0.197727 0.815623 -0.543749
vn -0.408248 0.816497 -0.408248
vn 0.408248 0.816497 -0.408248
vn -0.796395 0.289598 -0.530930
vn 0.796395 0.289598 -0.530930
vn -0.789474 -0.315789 -0.526316
vn 0.832845 -0.378566 -0.403804
vn -0.408248 -0.816497 -0.408248
vn 0.432041 -0.750388 -0.500259
vn 0.197727 -0.815623 -0.543749
vn -0.214297 -0.826574 -0.520435
vn 0.752217 -0.356313 -0.554265
vn -0.839964 -0.343622 -0.419982
vn 0.400039 -0.062344 0.914375
vn -0.400039 -0.062344 0.914375
vn 0.306938 -0.175393 0.935429
vn -0.306938 -0.175393 0.935429
vn 0.094512 -0.183464 0.978473
vn -0.094512 -0.183464 0.978473
vn -0.062353 -0.028342 0.997652
vn 0.062353 -0.028342 0.997652
vn -0.062357 0.025982 0.997716
vn 0.062357 0.025982 0.997716
vn 0.099561 0.172922 0.979891
vn -0.099561 0.172922 0.979891
vn 0.303571 0.165584 0.938310
vn -0.303571 0.165584 0.938310
vn 0.400163 0.057166 0.914659
vn -0.400163 0.057166 0.914659
vn 0.105862 -0.880771 0.461558
vn -0.105862 -0.880771 0.461558
vn 0.196715 -0.885219 0.421533
vn -0.196715 -0.885219 0.421533
vn 0.548630 -0.488780 0.678306
vn -0.623035 -0.426287 0.655826
vn 0.756147 -0.069645 0.650685
vn -0.789793 -0.017320 0.613129
vn 0.801465 0.121434 0.585582
vn -0.752771 0.054417 0.656029
vn 0.229854 -0.896039 0.379843
vn -0.435894 -0.688253 0.579917
vn 0.292803 -0.619134 0.728656
vn -0.292803 -0.619134 0.728656
vn 0.689086 -0.423923 0.587750
vn -0.689836 -0.414590 0.593500
vn 0.572975 -0.431433 0.696825
vn -0.572975 -0.431433 0.696825
vn 0.386059 0.714362 0.583649
vn -0.386059 0.714362 0.583649
vn 0.507932 0.641599 0.574766
vn -0.507932 0.641599 0.574766
vn 0.630433 0.520792 0.575613
vn -0.581007 0.510582 0.633827
vn -0.051675 0.664392 0.745596
vn 0.051675 0.664392 0.745596
vn -0.787931 0.307647 0.533403
vn 0.787931 0.307647 0.533403
vn -0.622543 0.553372 0.553372
vn 0.622543 0.553372 0.553372
vn 0.401601 -0.395017 0.826244
vn -0.401601 -0.395017 0.826244
vn 0.218052 -0.470992 0.854763
vn -0.222422 -0.467656 0.855468
vn -0.171076 -0.564549 0.807476
vn 0.171076 -0.564549 0.807476
vn -0.180308 -0.703398 0.687547
vn 0.180308 -0.703398 0.687547
vn 0.420679 -0.613696 0.668137
vn -0.420679 -0.613696 0.668137
vn 0.437336 -0.308531 0.844717
vn -0.437336 -0.308531 0.844717
vn 0.343363 -0.105650 0.933242
vn -0.343363 -0.105650 0.933242
vn 0.357888 -0.306761 0.881938
vn -0.322277 -0.276237 0.905445
vn 0.306946 0.211293 0.927976
vn -0.481543 -0.240772 0.842701
vn 0.386906 0.171414 0.906047
vn 0.292159 0.282884 0.913575
vn 0.429933 -0.721674 0.542535
vn -0.429933 -0.721674 0.542535
vn 0.386342 -0.044578 0.921278
vn -0.054742 -0.361903 0.930607
vn -0.062564 -0.137640 0.988504
vn 0.062564 -0.137640 0.988504
vn 0.020355 -0.783677 0.620835
vn -0.097666 -0.647680 0.755626
vn 0.207390 -0.518476 0.829561
vn -0.147043 -0.661693 0.735214
vn 0.482516 -0.140734 0.864507
vn -0.482516 -0.140734 0.864507
vn 0.281888 -0.044419 0.958419
vn -0.332048 -0.007298 0.943234
vn 0.359533 -0.089883 0.928793
vn -0.313971 -0.145772 0.938175
vn -0.030222 0.066489 0.997329
vn 0.030222 0.066489 0.997329
vn 0.000000 -0.064383 0.997925
vn 0.000000 0.000000 1.000000
vn 0.847337 -0.511933 -0.141223
vn -0.744073 -0.658218 0.114473
vn 0.944759 0.191904 -0.265713
vn -0.944759 0.191904 -0.265713
vn 0.098456 0.886108 -0.452900
vn -0.098456 0.886108 -0.452900
vn -0.854358 0.512615 -0.085436
vn 0.854358 0.512615 -0.085436
vn 0.398334 -0.876334 0.270867
vn -0.398334 -0.876334 0.270867
vn 0.287348 -0.574696 0.766261
vn -0.287348 -0.574696 0.766261
vn -0.781404 0.558146 0.279073
vn 0.520719 0.615395 0.591726
vn 0.089712 0.807410 0.583130
vn -0.127000 0.762001 0.635001
vn 0.745356 0.298142 0.596285
vn -0.745356 0.298142 0.596285
vn 0.604551 -0.654930 0.453413
vn 0.000000 -0.707107 0.707107
vn 0.048634 0.226961 0.972689
vn -0.048634 0.226961 0.972689
vn -0.056293 -0.262700 0.963234
vn -0.428571 -0.857143 0.285714
vn 0.006388 0.083044 0.996525
vn 0.781795 -0.366157 0.504703
vn -0.872872 -0.218218 0.436436
vn -0.581914 -0.363697 0.727393
vn 0.243483 -0.268670 0.931951
vn -0.243483 -0.268670 0.931951
vn 0.282005 0.033841 0.958816
vn -0.282005 0.033841 0.958816
vn 0.816497 0.408248 0.408248
vn -0.816497 0.408248 0.408248
vn 0.868220 0.325582 0.374420
vn -0.868220 0.325582 0.374420
vn 0.893156 0.430173 0.131239
vn -0.910178 -0.044591 0.411810
vn 0.357930 -0.835170 0.417585
vn -0.357930 -0.835170 0.417585
vn -0.135319 -0.202979 0.969788
vn 0.192450 -0.192450 0.962250
vn -0.356915 0.107075 0.927980
vn 0.188144 -0.282216 0.940721
vn -0.124035 0.000000 0.992278
vn 0.065512 0.393073 0.917171
vn -0.158235 0.949410 0.271261
vn 0.158235 0.949410 0.271261
vn -0.739600 0.647150 0.184901
vn 0.646159 0.758535 0.084282
vn -1.000000 -0.000000 0.000000
vn 1.000000 -0.000000 0.000000
vn 0.305141 -0.944953 0.118118
vn -0.305141 -0.944953 0.118118
vn 0.015962 -0.287311 0.957704
vn -0.052632 -0.315789 0.947368
vn 0.135293 -0.347895 0.927720
vn -0.135293 -0.347895 0.927720
vn -0.448143 -0.293016 0.844577
vn 0.598986 -0.245040 0.762346
vn -0.286864 -0.103271 0.952389
vn 0.521443 0.052144 0.851691
vn -0.270910 0.028025 0.962197
vn 0.270910 0.028025 0.962197
vn -0.577350 -0.577350 0.577350
vn 0.577350 -0.577350 0.577350
vn -0.265483 -0.829636 0.491144
vn 0.000000 -0.640184 0.768221
vn 0.418605 -0.581395 0.697674
vn -0.397220 -0.635553 0.662034
vn 0.591414 -0.511493 0.623382
vn -0.516784 -0.214514 0.828805
vn 0.544023 -0.077718 0.835464
vn -0.588227 -0.115717 0.800374
vn 0.573167 0.124602 0.809910
vn -0.573167 0.124602 0.809910
vn 0.434745 0.702281 0.563736
vn -0.434745 0.702281 0.563736
vn 0.406303 0.715093 0.568824
vn 0.061285 0.306426 0.949920
vn 0.152410 0.335302 0.929701
vn -0.177192 0.389823 0.903682
vn -0.021878 0.306290 0.951687
vn 0.012939 0.181147 0.983371
vn 0.280430 -0.218112 0.934765
vn -0.355266 -0.573890 0.737859
vn 0.266679 -0.304776 0.914327
vn -0.296334 -0.211667 0.931334
vn -0.276289 -0.303918 0.911755
vn 0.276289 -0.303918 0.911755
vn -0.116248 -0.929981 0.348743
vn 0.116248 -0.929981 0.348743
vn -0.381000 -0.254000 0.889001
vn 0.320713 -0.267261 0.908688
vn -0.439232 -0.038194 0.897561
vn 0.439232 -0.038194 0.897561
vn -0.221581 0.569780 0.791361
vn 0.053239 0.359362 0.931678
vn -0.082761 0.662085 0.744845
vn 0.082761 0.662085 0.744845
vn 0.366677 0.516064 0.774097
vn -0.366677 0.516064 0.774097
vn 0.498784 0.529958 0.685828
vn -0.498784 0.529958 0.685828
vn 0.601445 -0.240578 0.761831
vn -0.738200 -0.461375 0.492133
vn 0.829185 -0.082919 0.552790
vn -0.806064 -0.065357 0.588209
vn 0.779987 0.118180 0.614535
vn -0.790345 0.112906 0.602168
vn -0.694716 0.709497 -0.118250
vn 0.404311 0.855017 -0.324774
vn -0.855186 0.366508 -0.366508
vn 0.846507 0.372757 -0.380102
vn -0.267242 0.849692 -0.454539
vn 0.267242 0.849692 -0.454539
vn 0.596285 0.745356 -0.298142
vn -0.596285 0.745356 -0.298142
vn 0.383926 0.874593 -0.296122
vn -0.383926 0.874593 -0.296122
vn 0.278943 0.918076 -0.281652
vn -0.285868 0.911603 -0.295397
vn 0.793636 0.212659 -0.570015
vn -0.793636 0.212659 -0.570015
vn 0.452713 -0.728585 -0.514018
vn -0.595505 -0.712308 -0.371472
vn 0.440781 -0.819481 -0.366283
vn -0.249041 -0.774794 -0.581096
vn 0.043139 -0.413418 -0.909519
vn -0.043139 -0.413418 -0.909519
vn 0.318353 -0.094327 -0.943268
vn -0.318353 -0.094327 -0.943268
vn 0.309502 -0.535676 -0.785659
vn -0.309502 -0.535676 -0.785659
vn 0.058475 -0.977375 -0.203272
vn -0.177679 -0.981909 -0.065461
vn 0.101592 -0.965123 -0.241281
vn -0.134050 -0.968141 -0.211502
vn 0.608216 -0.331400 -0.721282
vn -0.980180 0.192192 0.048048
vn 0.920777 0.146009 -0.361734
vn -0.944069 0.184939 -0.273005
vn 0.087930 0.053124 -0.994709
vn -0.247475 -0.016921 -0.968747
vn -0.209312 -0.114950 -0.971069
vn 0.209312 -0.114950 -0.971069
vn 0.204116 0.123707 -0.971099
vn -0.204116 0.123707 -0.971099
vn 0.920408 0.139456 -0.365241
vn -0.918440 0.135786 -0.371525
vn 0.931845 0.289437 -0.218842
vn -0.931845 0.289437 -0.218842
vn 0.913248 0.296189 -0.279733
vn -0.913248 0.296189 -0.279733
vn 0.882456 0.455774 -0.116368
vn -0.882456 0.455774 -0.116368
vn 0.279448 -0.931493 -0.232873
vn -0.279448 -0.931493 -0.232873
vn 0.367655 -0.477093 -0.798255
vn -0.367655 -0.477093 -0.798255
vn 0.290628 -0.841642 -0.455163
vn -0.290628 -0.841642 -0.455163
vn 0.265974 -0.954013 -0.138263
vn -0.303090 -0.946422 -0.111459
vn 0.284208 -0.930136 -0.232534
vn -0.348743 -0.929981 -0.116248
vn 0.690268 -0.721850 0.049627
vn -0.690268 -0.721850 0.049627
vn 0.691649 -0.722163 0.010171
vn -0.861521 -0.337915 0.378940
vn 0.256742 -0.180715 -0.949434
vn -0.256742 -0.180715 -0.949434
vn 0.129094 0.960558 0.246297
vn -0.129094 0.960558 0.246297
vn 0.120926 0.976388 -0.179005
vn -0.137320 0.971291 -0.194258
vn 0.300033 0.640864 -0.706593
vn -0.387556 0.555474 -0.735696
vn 0.352190 0.932651 -0.078264
vn -0.565951 0.760496 -0.318347
vn -0.094386 0.670139 0.736210
vn -0.343166 0.696426 0.630260
vn 0.625482 0.766875 0.143789
vn -0.583767 0.791981 0.178834
vn 0.690128 0.696659 -0.195935
vn -0.715914 0.664472 -0.214346
vn 0.716578 0.217341 -0.662781
vn -0.716578 0.217341 -0.662781
vn 0.714499 0.426452 -0.554643
vn -0.058015 0.367429 -0.928241
vn 0.675140 0.723364 -0.144673
vn -0.595903 0.773063 -0.217424
vn 0.738071 0.653580 0.167585
vn -0.690541 0.710905 0.133295
vn 0.776627 0.335766 0.533022
vn -0.677195 0.482375 0.555627
vn 0.434689 0.895385 -0.096597
vn -0.434689 0.895385 -0.096597
vn 0.299340 0.493283 0.816742
vn -0.299340 0.493283 0.816742
vn -0.181856 0.114502 -0.976636
vn 0.181856 0.114502 -0.976636
vn 0.041931 0.372966 0.926897
vn -0.023299 0.968843 -0.246579
vn -0.161572 0.184654 0.969432
vn 0.161572 0.184654 0.969432
vn 0.966016 -0.164293 0.199549
vn -0.966016 -0.164293 0.199549
vn 0.933361 0.235393 0.270976
vn -0.945595 0.013329 0.325072
vn 0.901926 0.379315 -0.206516
vn -0.996980 0.075751 0.017105
vn 0.995115 -0.093955 0.030308
vn -0.995115 -0.093955 0.030308
vn 0.662474 -0.749076 -0.003701
vn -0.662474 -0.749076 -0.003701
vn 0.372238 -0.924278 0.084555
vn -0.372238 -0.924278 0.084555
vn 0.548020 -0.773958 0.317275
vn -0.387671 -0.903540 0.182554
vn 0.499284 -0.851720 0.159026
vn -0.848945 -0.221464 0.479839
vn 0.732489 -0.636817 0.240675
vn -0.732489 -0.636817 0.240675
vn 0.263732 -0.449896 0.853252
vn -0.263732 -0.449896 0.853252
vn 0.538262 -0.284111 -0.793445
vn -0.538262 -0.284111 -0.793445
vn 0.431030 -0.297118 -0.852017
vn -0.431030 -0.297118 -0.852017
vn 0.456721 -0.777659 -0.432033
vn -0.456721 -0.777659 -0.432033
vn 0.744954 -0.620629 -0.244671
vn -0.744954 -0.620629 -0.244671
vn 0.497205 -0.440774 -0.747333
vn -0.497205 -0.440774 -0.747333
vn 0.259062 0.456442 0.851203
vn -0.259062 0.456442 0.851203
vn 0.410191 0.274828 0.869605
vn -0.503292 0.047933 0.862786
vn 0.415279 0.123700 0.901244
vn -0.415279 0.123700 0.901244
vn 0.196561 -0.050960 0.979166
vn -0.196561 -0.050960 0.979166
vn 0.372046 0.212598 0.903540
vn -0.372046 0.212598 0.903540
vn 0.613244 -0.208998 0.761743
vn -0.624650 -0.412140 0.663289
vn 0.407491 0.750641 0.520087
vn -0.407491 0.750641 0.520087
vn -0.264198 0.830336 0.490653
vn 0.269338 0.831434 0.485979
vn -0.863868 0.259161 0.431934
vn 0.863868 0.259161 0.431934
vn -0.528033 -0.356779 0.770643
vn 0.528033 -0.356779 0.770643
vn 0.415649 -0.619625 0.665808
vn -0.415649 -0.619625 0.665808
vn 0.688357 -0.473246 0.549730
vn -0.714339 -0.416698 0.562212
vn 0.622061 -0.774466 -0.115081
vn -0.622061 -0.774466 -0.115081
vn -0.184950 0.249468 0.950557
vn 0.184950 0.249468 0.950557
vn 0.887036 -0.383852 -0.256564
vn -0.914238 -0.366421 -0.172931
vn 0.371135 0.037113 0.927837
vn 0.120386 0.240772 0.963087
vn 0.137793 0.803793 0.578731
vn -0.023355 0.994904 0.098089
vn 0.580247 0.197531 0.790123
vn -0.580247 0.197531 0.790123
vn 0.102194 0.817553 0.566713
vn -0.580199 0.193400 0.791180
vn 0.749675 -0.270716 0.603904
vn -0.749675 -0.270716 0.603904
vn 0.689502 -0.376092 0.618985
vn -0.689502 -0.376092 0.618985
vn 0.466760 -0.432937 0.771168
vn -0.466760 -0.432937 0.771168
vn 0.877870 -0.478838 0.007601
vn -0.877870 -0.478838 0.007601
vn 0.912871 -0.365148 -0.182574
vn -0.912871 -0.365148 -0.182574
vn 0.997202 -0.018131 -0.072524
vn -0.997202 -0.018131 -0.072524
vn 0.772350 -0.573034 0.274059
vn -0.676753 -0.728811 0.104116
vn 0.775715 -0.617699 0.129286
vn -0.775715 -0.617699 0.129286
vn 0.702247 -0.702247 0.117041
vn -0.702247 -0.702247 0.117041
vn 0.122756 0.982049 -0.143215
vn -0.122756 0.982049 -0.143215
vn 0.937043 0.312348 0.156174
vn -0.937043 0.312348 0.156174
vn -0.624695 -0.780869 -0.000000
vn 0.110432 0.993884 0.000000
vn 0.109335 0.984015 0.140574
vn 0.661828 -0.649341 0.374620
vn -0.586648 -0.752681 0.298858
vn 0.296806 -0.871867 0.389557
vn -0.252879 -0.908786 0.331904
vn -0.827110 -0.448433 -0.338816
vn 0.822210 -0.562565 -0.086549
vn -0.847427 0.254228 -0.466085
vn 0.847427 0.254228 -0.466085
vn -0.635053 0.589692 -0.498970
vn 0.635053 0.589692 -0.498970
vn -0.172328 0.984732 -0.024618
vn 0.172328 0.984732 -0.024618
vn 0.149019 0.055882 0.987254
vn -0.149019 0.055882 0.987254
vn 0.312348 0.156174 0.937043
vn -0.312348 0.156174 0.937043
vn 0.382991 0.011264 0.923684
vn -0.236807 0.035521 0.970907
vn 0.155869 -0.034638 0.987170
vn -0.155869 -0.034638 0.987170
vn 0.328721 0.595807 0.732774
vn -0.308264 -0.181332 0.933859
vn 0.400809 -0.007157 0.916134
vn -0.400809 -0.007157 0.916134
vn 0.082885 -0.062164 0.994618
vn -0.082885 -0.062164 0.994618
vn 0.041065 0.164260 0.985562
vn -0.071067 -0.071067 0.994937
vn -0.487049 0.608811 0.626205
vn 0.298142 0.745356 0.596285
vn 0.557086 -0.148556 0.817060
vn -0.557086 -0.148556 0.817060
vn 0.452596 -0.177557 0.873859
vn -0.452596 -0.177557 0.873859
vn 0.411054 -0.845597 0.340588
vn -0.411054 -0.845597 0.340588
vn 0.525068 0.302312 0.795557
vn -0.525058 0.196897 0.827977
vn 0.297964 0.580246 0.757979
vn -0.297964 0.580246 0.757979
vn 0.073694 -0.992789 -0.094551
vn -0.110453 -0.991568 -0.067778
vn 0.585489 -0.790410 0.180150
vn -0.446086 -0.890959 -0.084853
vn 0.924652 -0.253129 0.284508
vn -0.924652 -0.253129 0.284508
vn 0.847951 0.529969 0.010599
vn -0.847951 0.529969 0.010599
vn -0.298426 0.899733 -0.318469
vn 0.298426 0.899733 -0.318469
vn -0.542987 0.818859 -0.186104
vn 0.542987 0.818859 -0.186104
vn -0.548228 -0.003883 -0.836320
vn 0.548228 -0.003883 -0.836320
vn -0.266747 0.006422 -0.963745
vn 0.113643 -0.054588 -0.992021
vn 0.404624 0.026581 -0.914097
vn -0.404624 0.026581 -0.914097
vn -0.748378 0.662721 -0.027050
vn 0.748378 0.662721 -0.027050
vn 0.684353 -0.171088 -0.708794
vn -0.684353 -0.171088 -0.708794
vn 0.007891 -0.915403 -0.402462
vn 0.570200 -0.814571 -0.106521
vn 0.666010 -0.204926 0.717242
vn -0.663036 -0.192883 0.723312
vn 0.830101 -0.307090 0.465433
vn -0.828520 -0.299015 0.473440
vn 0.408092 -0.803818 0.432825
vn -0.425062 -0.779280 0.460484
vn 0.371366 -0.486617 0.790753
vn -0.338487 -0.548583 0.764515
vn -0.099184 -0.547220 0.831091
vn 0.039277 -0.523693 0.851001
vn -0.258889 -0.838801 0.478945
vn 0.283710 -0.844293 0.454619
vn -0.774251 -0.344719 0.530758
vn 0.774251 -0.344719 0.530758
vn -0.470597 -0.198146 0.859812
vn 0.470597 -0.198146 0.859812
vn -0.482283 0.203067 0.852154
vn 0.467208 0.169894 0.867671
vn -0.764039 0.327842 0.555665
vn 0.764039 0.327842 0.555665
vn -0.241291 0.814358 0.527825
vn 0.241291 0.814358 0.527825
vn -0.115470 0.577350 0.808290
vn 0.115470 0.577350 0.808290
vn 0.378344 0.513467 0.770200
vn -0.378344 0.513467 0.770200
vn 0.406930 0.777955 0.478742
vn -0.406930 0.777955 0.478742
vn 0.827165 0.292478 0.479847
vn -0.827165 0.292478 0.479847
vn 0.674819 0.209652 0.707577
vn -0.674819 0.209652 0.707577
vn 0.847998 0.317999 -0.423999
vn -0.847998 0.317999 -0.423999
vn 0.214297 0.826574 -0.520435
vn -0.214297 0.826574 -0.520435
vn -0.432041 0.750388 -0.500258
vn 0.432041 0.750388 -0.500258
vn -0.846181 0.352575 -0.399585
vn 0.846181 0.352575 -0.399585
vn -0.832845 -0.378566 -0.403804
vn 0.789474 -0.315789 -0.526316
vn -0.432041 -0.750388 -0.500259
vn 0.408248 -0.816497 -0.408248
vn 0.214297 -0.826574 -0.520435
vn -0.197727 -0.815623 -0.543749
vn 0.839964 -0.343622 -0.419982
vn -0.752217 -0.356313 -0.554265
vn 0.141433 -0.839474 0.524671
vn -0.141433 -0.839474 0.524671
vn 0.233571 -0.850198 0.471813
vn -0.233571 -0.850198 0.471813
vn 0.623035 -0.426287 0.655826
vn -0.548630 -0.488780 0.678306
vn 0.789793 -0.017320 0.613129
vn -0.756147 -0.069645 0.650685
vn 0.752771 0.054417 0.656029
vn -0.801465 0.121434 0.585582
vn 0.435894 -0.688253 0.579917
vn -0.229854 -0.896039 0.379843
vn 0.442082 -0.684793 0.579329
vn -0.442082 -0.684793 0.579329
vn 0.689836 -0.414590 0.593500
vn -0.689086 -0.423923 0.587750
vn 0.766752 -0.256891 0.588301
vn -0.766752 -0.256891 0.588301
vn 0.573765 -0.440072 0.690746
vn -0.573765 -0.440072 0.690746
vn 0.505128 0.650645 0.567015
vn -0.505128 0.650645 0.567015
vn 0.581007 0.510582 0.633827
vn -0.630433 0.520792 0.575613
vn -0.032791 0.655826 0.754200
vn 0.032791 0.655826 0.754200
vn -0.655169 0.326496 0.681289
vn 0.655169 0.326496 0.681289
vn -0.567735 0.555907 0.607161
vn 0.567735 0.555907 0.607161
vn 0.648351 -0.378710 0.660470
vn -0.648351 -0.378710 0.660470
vn 0.222422 -0.467656 0.855468
vn -0.218052 -0.470992 0.854763
vn 0.009908 -0.495403 0.868607
vn -0.009908 -0.495403 0.868607
vn 0.046213 -0.582801 0.811300
vn -0.046213 -0.582801 0.811300
vn -0.426251 -0.377537 0.822056
vn 0.426251 -0.377537 0.822056
vn -0.086092 0.012299 0.996211
vn 0.086092 0.012299 0.996211
vn 0.437362 -0.306154 0.845567
vn -0.437362 -0.306154 0.845567
vn 0.322277 -0.276237 0.905445
vn -0.357888 -0.306761 0.881938
vn 0.481543 -0.240772 0.842701
vn -0.306946 0.211293 0.927976
vn -0.292159 0.282884 0.913575
vn -0.386906 0.171414 0.906047
vn 0.334643 -0.185509 0.923905
vn -0.334643 -0.185509 0.923905
vn 0.054742 -0.361903 0.930607
vn -0.386342 -0.044578 0.921278
vn 0.057130 -0.231242 0.971217
vn -0.057130 -0.231242 0.971217
vn 0.097666 -0.647680 0.755626
vn -0.020355 -0.783677 0.620835
vn 0.147043 -0.661693 0.735214
vn -0.207390 -0.518476 0.829561
vn 0.175467 -0.363467 0.914934
vn -0.175467 -0.363467 0.914934
vn 0.332048 -0.007298 0.943234
vn -0.281888 -0.044419 0.958419
vn 0.313971 -0.145772 0.938175
vn -0.359533 -0.089883 0.928793
vn 0.000000 0.049938 0.998752
vn -0.004434 -0.066518 0.997775
vn 0.004434 -0.066518 0.997775
vn 0.000000 -0.000001 1.000000
vn 0.744073 -0.658218 0.114473
vn -0.847337 -0.511933 -0.141223
vn 0.949990 0.269164 -0.158332
vn -0.949990 0.269164 -0.158332
vn 0.070860 0.921175 -0.382642
vn -0.070860 0.921175 -0.382642
vn -0.722993 0.097702 0.683912
vn 0.722993 0.097702 0.683912
vn 0.440225 -0.880451 0.176090
vn -0.440225 -0.880451 0.176090
vn -0.520719 0.615395 0.591726
vn 0.781404 0.558146 0.279073
vn 0.127000 0.762001 0.635001
vn -0.089712 0.807410 0.583130
vn 0.766261 0.287348 0.574696
vn -0.766261 0.287348 0.574696
vn -0.604551 -0.654930 0.453413
vn 0.040390 0.242338 0.969351
vn -0.040390 0.242338 0.969351
vn 0.428571 -0.857143 0.285714
vn 0.056293 -0.262700 0.963234
vn -0.781795 -0.366157 0.504703
vn -0.006388 0.083044 0.996525
vn 0.581914 -0.363696 0.727393
vn 0.872872 -0.218218 0.436436
vn 0.729421 0.162094 0.664583
vn -0.729421 0.162094 0.664583
vn 0.332822 0.078311 0.939732
vn -0.332822 0.078311 0.939732
vn 0.791554 0.186248 0.582025
vn -0.791554 0.186248 0.582025
vn 0.877266 0.194948 0.438633
vn -0.877266 0.194948 0.438633
vn 0.910178 -0.044591 0.411810
vn -0.893156 0.430173 0.131239
vn 0.033615 -0.336146 0.941210
vn -0.033615 -0.336146 0.941210
vn -0.192450 -0.192450 0.962250
vn 0.135319 -0.202979 0.969788
vn -0.188144 -0.282216 0.940721
vn 0.356915 0.107075 0.927980
vn -0.065512 0.393073 0.917171
vn 0.124035 0.000000 0.992278
vn -0.646159 0.758535 0.084282
vn 0.739600 0.647150 0.184901
vn 0.052632 -0.315789 0.947368
vn -0.015962 -0.287311 0.957704
vn -0.598986 -0.245040 0.762346
vn 0.448143 -0.293016 0.844577
vn -0.521443 0.052144 0.851691
vn 0.286864 -0.103271 0.952389
vn -0.123882 0.049553 0.991059
vn 0.123882 0.049553 0.991059
vn -0.548821 -0.329293 0.768350
vn 0.548821 -0.329293 0.768350
vn 0.265483 -0.829636 0.491144
vn 0.397220 -0.635553 0.662034
vn -0.418605 -0.581395 0.697674
vn 0.516784 -0.214514 0.828805
vn -0.591414 -0.511493 0.623382
vn 0.588227 -0.115717 0.800374
vn -0.544023 -0.077718 0.835464
vn 0.567152 0.110664 0.816145
vn -0.567152 0.110664 0.816145
vn 0.528094 0.215149 0.821479
vn -0.528094 0.215149 0.821479
vn -0.061285 0.306426 0.949920
vn -0.406303 0.715093 0.568824
vn 0.177192 0.389823 0.903682
vn -0.152410 0.335302 0.929701
vn -0.012939 0.181147 0.983371
vn 0.021878 0.306290 0.951687
vn 0.355266 -0.573890 0.737859
vn -0.280430 -0.218112 0.934765
vn 0.296334 -0.211667 0.931334
vn -0.266679 -0.304776 0.914327
vn -0.182574 -0.912871 0.365148
vn 0.182574 -0.912871 0.365148
vn 0.045478 -0.750388 0.659432
vn -0.045478 -0.750388 0.659432
vn -0.320713 -0.267261 0.908688
vn 0.381000 -0.254000 0.889001
vn -0.230391 0.025599 0.972761
vn 0.230391 0.025599 0.972761
vn -0.053239 0.359362 0.931678
vn 0.221581 0.569780 0.791361
vn 0.025206 0.554524 0.831786
vn -0.025206 0.554524 0.831786
vn 0.350177 0.654679 0.669904
vn -0.350177 0.654679 0.669904
vn 0.738200 -0.461375 0.492133
vn -0.601445 -0.240578 0.761831
vn 0.806064 -0.065357 0.588209
vn -0.829185 -0.082919 0.552790
vn 0.790345 0.112906 0.602168
vn -0.779987 0.118180 0.614535
vn -0.404311 0.855017 -0.324774
vn 0.694716 0.709497 -0.118250
vn -0.846507 0.372757 -0.380102
vn 0.855186 0.366508 -0.366508
vn -0.215621 0.888361 -0.405368
vn 0.215621 0.888361 -0.405368
vn 0.587871 0.747790 -0.308575
vn -0.587871 0.747790 -0.308575
vn 0.350238 0.876606 -0.329992
vn -0.350238 0.876606 -0.329992
vn 0.285868 0.911603 -0.295397
vn -0.278943 0.918076 -0.281652
vn 0.898143 0.067270 -0.434527
vn -0.898143 0.067270 -0.434527
vn 0.595505 -0.712308 -0.371472
vn -0.452713 -0.728585 -0.514018
vn 0.249041 -0.774794 -0.581096
vn -0.440781 -0.819481 -0.366283
vn 0.368294 -0.677996 -0.636145
vn -0.368294 -0.677996 -0.636145
vn 0.171779 -0.022904 -0.984869
vn -0.171779 -0.022904 -0.984869
vn -0.064999 -0.357494 -0.931651
vn 0.064999 -0.357494 -0.931651
vn 0.177679 -0.981909 -0.065461
vn -0.058475 -0.977375 -0.203272
vn 0.134050 -0.968141 -0.211502
vn -0.101592 -0.965123 -0.241281
vn 0.980180 0.192192 0.048048
vn -0.608216 -0.331400 -0.721282
vn 0.944069 0.184939 -0.273005
vn -0.920777 0.146009 -0.361734
vn 0.247475 -0.016921 -0.968747
vn -0.087930 0.053124 -0.994709
vn 0.199158 -0.322167 -0.925497
vn -0.199158 -0.322167 -0.925497
vn 0.870302 -0.477813 -0.119453
vn -0.870302 -0.477813 -0.119453
vn 0.918440 0.135786 -0.371525
vn -0.920408 0.139456 -0.365241
vn 0.924627 0.346735 -0.157607
vn -0.924627 0.346735 -0.157607
vn 0.907920 0.373419 -0.190370
vn -0.907920 0.373419 -0.190370
vn 0.991801 0.123975 0.030994
vn -0.991801 0.123975 0.030994
vn 0.079745 -0.797452 -0.598089
vn -0.079745 -0.797452 -0.598089
vn 0.373117 -0.470405 -0.799689
vn -0.373117 -0.470405 -0.799689
vn 0.330884 -0.814402 -0.476723
vn -0.330884 -0.814402 -0.476723
vn 0.303090 -0.946422 -0.111459
vn -0.265974 -0.954013 -0.138263
vn 0.348743 -0.929981 -0.116248
vn -0.284208 -0.930136 -0.232534
vn 0.956962 0.257365 -0.134120
vn -0.956962 0.257365 -0.134120
vn 0.861521 -0.337915 0.378940
vn -0.691649 -0.722163 0.010171
vn 0.436826 -0.042787 -0.898528
vn -0.436826 -0.042787 -0.898528
vn 0.112859 0.967467 0.226428
vn -0.112859 0.967467 0.226428
vn 0.137320 0.971291 -0.194258
vn -0.120926 0.976388 -0.179005
vn 0.387556 0.555474 -0.735696
vn -0.300033 0.640864 -0.706593
vn 0.565951 0.760496 -0.318347
vn -0.352190 0.932651 -0.078264
vn 0.343166 0.696426 0.630260
vn 0.094386 0.670139 0.736210
vn 0.583767 0.791981 0.178834
vn -0.625482 0.766875 0.143789
vn 0.715914 0.664472 -0.214346
vn -0.690128 0.696659 -0.195935
vn 0.590457 0.174525 -0.787973
vn -0.590457 0.174525 -0.787973
vn 0.058015 0.367429 -0.928240
vn -0.714499 0.426452 -0.554643
vn 0.595903 0.773063 -0.217424
vn -0.675140 0.723364 -0.144673
vn 0.690541 0.710905 0.133295
vn -0.738071 0.653580 0.167585
vn 0.677195 0.482375 0.555627
vn -0.776627 0.335766 0.533022
vn 0.158041 0.950572 -0.267276
vn -0.158041 0.950572 -0.267276
vn 0.156987 0.642722 0.749842
vn -0.156987 0.642722 0.749842
vn -0.168134 0.100505 -0.980627
vn 0.168134 0.100505 -0.980627
vn 0.023299 0.968843 -0.246579
vn -0.041931 0.372966 0.926897
vn 0.498048 0.820648 -0.280152
vn -0.498048 0.820648 -0.280152
vn 0.945595 0.013329 0.325072
vn -0.933361 0.235393 0.270976
vn 0.996980 0.075751 0.017105
vn -0.901926 0.379315 -0.206516
vn 0.961699 0.146796 -0.231485
vn -0.961699 0.146796 -0.231485
vn 0.746041 -0.659560 0.091670
vn -0.746041 -0.659560 0.091670
vn 0.371878 -0.924382 0.085001
vn -0.371878 -0.924382 0.085001
vn 0.387671 -0.903540 0.182554
vn -0.548020 -0.773958 0.317275
vn 0.848945 -0.221464 0.479839
vn -0.499284 -0.851720 0.159026
vn 0.570582 -0.344303 -0.745582
vn -0.570582 -0.344303 -0.745582
vn 0.562892 -0.263733 -0.783325
vn -0.562892 -0.263733 -0.783325
vn 0.105938 -0.916539 -0.385660
vn -0.105938 -0.916539 -0.385660
vn 0.697614 -0.647014 -0.307746
vn -0.697614 -0.647014 -0.307746
vn 0.480811 0.254547 0.839063
vn -0.480811 0.254547 0.839063
vn 0.503292 0.047933 0.862786
vn -0.410191 0.274828 0.869605
vn 0.145938 0.091211 0.985080
vn -0.145938 0.091211 0.985080
vn 0.283452 -0.103074 0.953431
vn -0.283452 -0.103074 0.953431
vn 0.505826 -0.246744 0.826594
vn -0.505826 -0.246744 0.826594
vn 0.624650 -0.412140 0.663289
vn -0.613244 -0.208998 0.761743
vn 0.484318 0.558018 0.673834
vn -0.484318 0.558018 0.673833
vn -0.269338 0.831434 0.485979
vn 0.264198 0.830336 0.490653
vn -0.800022 0.207413 0.562978
vn 0.800022 0.207413 0.562978
vn -0.522496 -0.356527 0.774523
vn 0.522496 -0.356527 0.774523
vn 0.486190 -0.519041 0.703005
vn -0.486190 -0.519041 0.703005
vn 0.714339 -0.416698 0.562212
vn -0.688357 -0.473246 0.549730
vn 0.996972 -0.037764 -0.067975
vn -0.996972 -0.037764 -0.067975
vn -0.197104 0.314030 0.928728
vn 0.197104 0.314030 0.928728
vn 0.914238 -0.366421 -0.172931
vn -0.887036 -0.383852 -0.256564
vn -0.120386 0.240772 0.963087
vn -0.371135 0.037113 0.927837
vn 0.023355 0.994904 0.098089
vn -0.137793 0.803793 0.578731
vn 0.606788 -0.606788 0.513436
vn -0.606788 -0.606788 0.513436
vn 0.580199 0.193400 0.791180
vn -0.102194 0.817553 0.566713
vn 0.701334 -0.701334 -0.127515
vn -0.701334 -0.701334 -0.127515
vn 0.457983 -0.441913 0.771339
vn -0.457983 -0.441913 0.771339
vn 0.715512 -0.415459 0.561638
vn -0.715512 -0.415459 0.561638
vn 0.827147 0.532322 -0.180171
vn -0.827147 0.532322 -0.180171
vn 0.900500 -0.433574 -0.033352
vn -0.900500 -0.433574 -0.033352
vn 0.676753 -0.728811 0.104116
vn -0.772350 -0.573034 0.274059
vn 0.797077 -0.597808 0.085401
vn -0.797077 -0.597808 0.085401
vn 0.242338 0.969351 0.040390
vn -0.242338 0.969351 0.040390
vn 0.931907 0.349465 0.097074
vn -0.931907 0.349465 0.097074
vn 0.624695 -0.780869 -0.000000
vn -0.109335 0.984015 0.140574
vn -0.110432 0.993884 0.000000
vn 0.586648 -0.752681 0.298858
vn -0.661828 -0.649341 0.374620
vn 0.252879 -0.908786 0.331904
vn -0.296806 -0.871867 0.389557
vn -0.822210 -0.562565 -0.086549
vn 0.827110 -0.448433 -0.338816
vn -0.816910 0.218382 -0.533823
vn 0.816910 0.218382 -0.533823
vn -0.483417 0.872662 -0.069060
vn 0.483417 0.872662 -0.069060
vn 0.040373 0.989142 0.141306
vn -0.040373 0.989142 0.141306
vn 0.137516 -0.027503 0.990118
vn -0.137516 -0.027503 0.990118
vn 0.339983 -0.029999 0.939953
vn -0.339983 -0.029999 0.939953
vn 0.236807 0.035521 0.970907
vn -0.382991 0.011264 0.923684
vn 0.180460 0.067673 0.981252
vn -0.180460 0.067673 0.981252
vn 0.308264 -0.181332 0.933859
vn -0.328721 0.595807 0.732774
vn 0.399963 -0.065300 0.914202
vn -0.399963 -0.065300 0.914202
vn 0.361833 -0.058152 0.930428
vn -0.361833 -0.058152 0.930428
vn 0.071067 -0.071067 0.994937
vn -0.041065 0.164260 0.985562
vn -0.298142 0.745356 0.596285
vn 0.487049 0.608811 0.626205
vn 0.669312 0.180199 0.720798
vn -0.669312 0.180199 0.720798
vn 0.443738 -0.214293 0.870158
vn -0.443738 -0.214293 0.870158
vn 0.493213 -0.104785 0.863575
vn -0.493213 -0.104785 0.863575
vn 0.525058 0.196897 0.827977
vn -0.525068 0.302312 0.795557
vn 0.110453 -0.991568 -0.067778
vn -0.073694 -0.992789 -0.094551
vn 0.446086 -0.890959 -0.084853
vn -0.585489 -0.790410 0.180150
vn 0.934096 -0.244495 0.260168
vn -0.934096 -0.244495 0.260168
vn 0.832821 0.549401 -0.067585
vn -0.832821 0.549401 -0.067585
vn -0.191998 0.956991 -0.217498
vn 0.191998 0.956991 -0.217498
vn -0.355407 0.931910 -0.072321
vn 0.355407 0.931910 -0.072321
vn -0.521508 -0.019655 -0.853020
vn 0.521508 -0.019655 -0.853020
vn -0.113643 -0.054588 -0.992021
vn 0.266747 0.006422 -0.963745
vn -0.821852 0.563467 0.084053
vn 0.821852 0.563467 0.084053
vn 0.419982 -0.229081 -0.878144
vn -0.419982 -0.229081 -0.878144
vn -0.570200 -0.814571 -0.106521
vn -0.007891 -0.915403 -0.402462
s off
f 47//1 1//1 45//1
f 4//2 2//2 46//2
f 45//3 3//3 43//3
f 6//4 4//4 44//4
f 3//5 9//5 5//5
f 8//6 10//6 6//6
f 1//7 11//7 3//7
f 10//8 12//8 4//8
f 11//9 13//9 9//9
f 16//10 14//10 10//10
f 9//11 15//11 7//11
f 18//12 16//12 8//12
f 15//13 21//13 19//13
f 20//14 22//14 16//14
f 13//15 23//15 21//15
f 22//16 24//16 14//16
f 23//17 25//17 21//17
f 28//18 26//18 22//18
f 21//19 27//19 29//19
f 30//20 28//20 22//20
f 27//21 33//21 31//21
f 32//22 34//22 28//22
f 25//23 35//23 33//23
f 34//24 36//24 26//24
f 35//25 37//25 39//25
f 40//26 38//26 36//26
f 33//27 39//27 41//27
f 42//28 40//28 34//28
f 39//29 45//29 43//29
f 44//30 46//30 40//30
f 37//31 47//31 45//31
f 46//32 48//32 38//32
f 47//33 37//33 51//33
f 52//34 38//34 48//34
f 37//35 35//35 53//35
f 54//36 36//36 38//36
f 35//37 25//37 55//37
f 56//38 26//38 36//38
f 25//39 23//39 57//39
f 58//40 24//40 26//40
f 23//41 13//41 57//41
f 60//42 14//42 58//42
f 13//43 11//43 59//43
f 64//44 12//44 60//44
f 11//45 1//45 63//45
f 66//46 2//46 64//46
f 1//47 47//47 65//47
f 50//48 48//48 66//48
f 61//49 65//49 49//49
f 50//50 66//50 62//50
f 63//51 65//51 61//51
f 62//52 66//52 64//52
f 61//53 59//53 63//53
f 64//54 60//54 62//54
f 61//55 57//55 59//55
f 60//56 58//56 62//56
f 61//57 55//57 57//57
f 58//58 56//58 62//58
f 61//59 53//59 55//59
f 56//60 54//60 62//60
f 61//61 51//61 53//61
f 54//62 52//62 62//62
f 61//63 49//63 51//63
f 52//64 50//64 62//64
f 89//65 174//65 176//65
f 176//66 175//66 90//66
f 87//67 172//67 174//67
f 175//68 173//68 88//68
f 85//69 170//69 87//69
f 173//70 171//70 88//70
f 83//71 168//71 85//71
f 171//72 169//72 86//72
f 81//73 166//73 83//73
f 169//74 167//74 84//74
f 79//75 92//75 164//75
f 147//76 93//76 165//76
f 92//77 94//77 148//77
f 149//78 95//78 93//78
f 94//79 96//79 148//79
f 151//80 97//80 149//80
f 96//81 98//81 152//81
f 153//82 99//82 97//82
f 98//83 100//83 154//83
f 155//84 101//84 99//84
f 100//85 102//85 156//85
f 157//86 103//86 101//86
f 102//87 104//87 156//87
f 159//88 105//88 157//88
f 104//89 106//89 160//89
f 161//90 107//90 105//90
f 106//91 108//91 162//91
f 163//92 109//92 107//92
f 108//93 67//93 68//93
f 68//94 67//94 109//94
f 110//95 128//95 160//95
f 161//96 129//96 111//96
f 128//97 179//97 160//97
f 159//98 180//98 161//98
f 126//99 156//99 158//99
f 159//100 157//100 127//100
f 124//101 154//101 156//101
f 157//102 155//102 125//102
f 122//103 152//103 154//103
f 155//104 153//104 123//104
f 120//105 150//105 152//105
f 153//106 151//106 121//106
f 118//107 148//107 150//107
f 151//108 149//108 119//108
f 116//109 146//109 118//109
f 149//110 147//110 119//110
f 114//111 164//111 116//111
f 147//112 165//112 117//112
f 114//113 181//113 164//113
f 177//114 182//114 165//114
f 110//115 162//115 68//115
f 68//116 163//116 111//116
f 112//117 68//117 183//117
f 178//118 68//118 184//118
f 177//119 181//119 183//119
f 184//120 182//120 177//120
f 135//121 137//121 174//121
f 176//122 137//122 175//122
f 133//123 135//123 172//123
f 175//124 136//124 173//124
f 131//125 133//125 172//125
f 173//126 134//126 132//126
f 166//127 187//127 168//127
f 186//128 188//128 169//128
f 131//129 170//129 185//129
f 169//130 171//130 186//130
f 144//131 190//131 189//131
f 189//132 190//132 145//132
f 185//133 187//133 189//133
f 189//133 188//133 186//133
f 130//134 131//134 185//134
f 186//134 132//134 130//134
f 142//135 193//135 144//135
f 192//136 194//136 145//136
f 140//137 195//137 193//137
f 194//138 196//138 141//138
f 139//139 197//139 195//139
f 196//140 198//140 139//140
f 138//141 71//141 197//141
f 198//142 71//142 138//142
f 190//143 144//143 191//143
f 192//144 145//144 190//144
f 70//145 191//145 206//145
f 207//146 192//146 70//146
f 71//147 199//147 197//147
f 201//148 199//148 198//148
f 197//149 200//149 195//149
f 203//150 201//150 196//150
f 195//151 202//151 204//151
f 205//152 203//152 196//152
f 193//153 204//153 191//153
f 207//154 205//154 192//154
f 199//155 204//155 202//155
f 203//156 205//156 199//156
f 199//157 208//157 204//157
f 207//158 208//158 205//158
f 139//159 140//159 177//159
f 165//160 141//160 177//160
f 140//161 142//161 164//161
f 212//162 143//162 165//162
f 142//163 144//163 213//163
f 214//164 145//164 143//164
f 144//165 187//165 166//165
f 167//166 188//166 145//166
f 81//167 209//167 213//167
f 214//168 210//168 82//168
f 209//169 215//169 211//169
f 212//170 216//170 210//170
f 79//171 164//171 215//171
f 212//172 165//172 216//172
f 131//173 130//173 72//173
f 72//174 130//174 132//174
f 133//175 131//175 220//175
f 223//176 132//176 221//176
f 135//177 133//177 218//177
f 221//178 134//178 219//178
f 137//179 135//179 217//179
f 219//180 136//180 217//180
f 217//181 218//181 229//181
f 230//182 219//182 217//182
f 218//183 220//183 229//183
f 228//184 221//184 230//184
f 220//185 222//185 227//185
f 226//186 223//186 228//186
f 222//187 72//187 224//187
f 224//188 72//188 223//188
f 224//189 231//189 225//189
f 230//190 231//190 226//190
f 225//191 229//191 227//191
f 228//192 230//192 226//192
f 183//193 181//193 232//193
f 235//194 182//194 233//194
f 112//195 183//195 254//195
f 233//196 184//196 255//196
f 110//197 112//197 254//197
f 255//198 113//198 111//198
f 181//199 114//199 252//199
f 253//200 115//200 182//200
f 114//201 116//201 252//201
f 251//202 117//202 253//202
f 116//203 118//203 250//203
f 249//204 119//204 251//204
f 118//205 120//205 248//205
f 247//206 121//206 249//206
f 120//207 122//207 246//207
f 245//208 123//208 247//208
f 122//209 124//209 242//209
f 243//210 125//210 123//210
f 124//211 126//211 240//211
f 241//212 127//212 125//212
f 126//213 179//213 240//213
f 237//214 180//214 241//214
f 179//215 128//215 236//215
f 239//216 129//216 237//216
f 128//217 110//217 238//217
f 257//218 111//218 239//218
f 238//219 256//219 276//219
f 259//220 257//220 277//220
f 236//221 238//221 278//221
f 277//222 239//222 279//222
f 240//223 236//223 278//223
f 279//224 237//224 241//224
f 242//225 240//225 274//225
f 275//226 241//226 243//226
f 244//227 242//227 270//227
f 273//228 243//228 271//228
f 246//229 244//229 270//229
f 271//230 245//230 247//230
f 248//231 246//231 266//231
f 269//232 247//232 267//232
f 250//233 248//233 266//233
f 267//234 249//234 251//234
f 252//235 250//235 264//235
f 265//236 251//236 253//236
f 234//237 252//237 280//237
f 263//238 253//238 281//238
f 256//239 254//239 258//239
f 261//240 255//240 259//240
f 254//241 232//241 260//241
f 283//242 233//242 261//242
f 232//243 234//243 282//243
f 281//244 235//244 283//244
f 67//245 108//245 73//245
f 285//246 109//246 73//246
f 108//247 106//247 284//247
f 287//248 107//248 285//248
f 106//249 104//249 288//249
f 289//250 105//250 107//250
f 104//251 102//251 290//251
f 291//252 103//252 105//252
f 102//253 100//253 292//253
f 293//254 101//254 103//254
f 100//255 98//255 292//255
f 295//256 99//256 293//256
f 98//257 96//257 296//257
f 297//258 97//258 99//258
f 96//259 94//259 296//259
f 299//260 95//260 297//260
f 94//261 92//261 298//261
f 301//262 93//262 299//262
f 308//263 309//263 328//263
f 329//264 309//264 308//264
f 307//265 308//265 338//265
f 339//266 308//266 307//266
f 306//267 307//267 336//267
f 337//268 307//268 306//268
f 89//269 91//269 340//269
f 306//270 91//270 341//270
f 87//271 89//271 334//271
f 341//272 90//272 335//272
f 85//273 87//273 330//273
f 335//274 88//274 331//274
f 83//275 85//275 332//275
f 331//276 86//276 333//276
f 330//277 336//277 332//277
f 339//278 337//278 333//278
f 330//279 334//279 340//279
f 341//280 335//280 331//280
f 326//281 332//281 338//281
f 339//282 333//282 327//282
f 81//283 83//283 326//283
f 333//284 84//284 327//284
f 209//285 342//285 344//285
f 345//286 343//286 210//286
f 81//287 326//287 342//287
f 343//288 327//288 82//288
f 79//289 215//289 344//289
f 345//290 216//290 80//290
f 79//291 346//291 300//291
f 301//292 347//292 80//292
f 77//293 324//293 352//293
f 353//294 325//294 77//294
f 304//295 352//295 350//295
f 351//296 353//296 304//296
f 78//297 350//297 305//297
f 349//298 351//298 305//298
f 305//299 348//299 309//299
f 329//300 349//300 309//300
f 326//301 328//301 348//301
f 349//302 329//302 327//302
f 296//303 298//303 310//303
f 319//304 299//304 311//304
f 76//305 316//305 324//305
f 325//306 317//306 76//306
f 302//307 358//307 356//307
f 357//308 359//308 302//308
f 303//309 356//309 75//309
f 355//310 357//310 75//310
f 75//311 354//311 76//311
f 317//312 355//312 76//312
f 292//313 294//313 364//313
f 363//314 295//314 365//314
f 364//315 362//315 366//315
f 369//316 363//316 367//316
f 366//317 368//317 372//317
f 371//318 369//318 373//318
f 372//319 370//319 374//319
f 377//320 371//320 375//320
f 314//321 378//321 374//321
f 375//322 379//322 315//322
f 316//323 354//323 378//323
f 375//324 355//324 379//324
f 354//325 356//325 374//325
f 373//326 357//326 375//326
f 356//327 358//327 372//327
f 367//328 359//328 373//328
f 358//329 360//329 366//329
f 365//330 361//330 367//330
f 290//331 292//331 364//331
f 365//332 293//332 291//332
f 74//333 360//333 358//333
f 359//334 361//334 74//334
f 284//335 286//335 288//335
f 289//336 287//336 285//336
f 284//337 290//337 74//337
f 361//338 291//338 74//338
f 73//339 284//339 74//339
f 74//340 285//340 73//340
f 294//341 296//341 310//341
f 311//342 297//342 295//342
f 310//343 312//343 362//343
f 369//344 313//344 363//344
f 312//345 382//345 368//345
f 371//346 383//346 369//346
f 314//347 376//347 370//347
f 371//348 377//348 315//348
f 348//349 350//349 386//349
f 387//350 351//350 349//350
f 318//351 384//351 386//351
f 387//352 385//352 319//352
f 298//353 300//353 318//353
f 385//354 301//354 319//354
f 300//355 344//355 384//355
f 343//356 345//356 385//356
f 342//357 348//357 384//357
f 385//358 349//358 343//358
f 300//359 346//359 344//359
f 345//360 347//360 301//360
f 314//361 322//361 380//361
f 381//362 323//362 315//362
f 316//363 378//363 380//363
f 381//364 379//364 317//364
f 320//365 386//365 380//365
f 381//366 387//366 321//366
f 350//367 352//367 380//367
f 381//368 353//368 351//368
f 324//369 380//369 352//369
f 353//370 381//370 325//370
f 400//371 388//371 414//371
f 415//372 389//372 401//372
f 400//373 402//373 398//373
f 405//374 403//374 399//374
f 398//375 404//375 406//375
f 407//376 405//376 399//376
f 396//377 406//377 408//377
f 409//378 407//378 397//378
f 394//379 408//379 410//379
f 411//380 409//380 395//380
f 392//381 410//381 390//381
f 413//382 411//382 391//382
f 410//383 420//383 418//383
f 419//384 421//384 411//384
f 408//385 422//385 410//385
f 421//386 423//386 411//386
f 406//387 424//387 422//387
f 423//388 425//388 407//388
f 404//389 426//389 424//389
f 425//390 427//390 405//390
f 402//391 428//391 426//391
f 427//392 429//392 403//392
f 402//393 414//393 428//393
f 417//394 415//394 429//394
f 318//395 320//395 444//395
f 445//396 321//396 319//396
f 320//397 390//397 412//397
f 413//398 391//398 321//398
f 310//399 318//399 312//399
f 443//400 319//400 313//400
f 382//401 430//401 388//401
f 415//402 431//402 389//402
f 412//403 418//403 444//403
f 441//404 419//404 445//404
f 438//405 446//405 444//405
f 445//406 447//406 439//406
f 434//407 446//407 436//407
f 439//408 447//408 437//408
f 432//409 448//409 446//409
f 447//410 449//410 433//410
f 430//411 448//411 432//411
f 433//412 449//412 431//412
f 414//413 430//413 450//413
f 451//414 431//414 415//414
f 312//415 448//415 430//415
f 431//416 449//416 313//416
f 312//417 442//417 446//417
f 447//418 443//418 313//418
f 442//419 444//419 446//419
f 447//420 445//420 443//420
f 416//421 450//421 476//421
f 453//422 451//422 477//422
f 450//423 432//423 462//423
f 463//424 433//424 451//424
f 432//425 434//425 462//425
f 461//426 435//426 463//426
f 434//427 436//427 458//427
f 459//428 437//428 435//428
f 436//429 438//429 456//429
f 457//430 439//430 437//430
f 438//425 440//425 456//425
f 455//431 441//431 457//431
f 440//432 418//432 454//432
f 475//433 419//433 455//433
f 428//434 416//434 464//434
f 477//435 417//435 465//435
f 426//436 428//436 466//436
f 465//437 429//437 467//437
f 424//438 426//438 468//438
f 467//439 427//439 469//439
f 422//440 424//440 468//440
f 469//441 425//441 423//441
f 420//442 422//442 470//442
f 471//443 423//443 421//443
f 418//444 420//444 472//444
f 473//445 421//445 419//445
f 458//446 456//446 480//446
f 481//447 457//447 459//447
f 478//448 480//448 482//448
f 483//449 481//449 479//449
f 484//450 482//450 486//450
f 489//451 483//451 487//451
f 486//452 488//452 490//452
f 491//453 489//453 487//453
f 464//454 476//454 492//454
f 487//455 477//455 493//455
f 452//456 484//456 486//456
f 487//457 485//457 453//457
f 452//458 462//458 478//458
f 479//459 463//459 453//459
f 458//460 478//460 460//460
f 463//461 479//461 461//461
f 454//462 474//462 456//462
f 481//463 475//463 457//463
f 472//464 482//464 480//464
f 481//465 483//465 473//465
f 470//466 488//466 482//466
f 483//467 489//467 471//467
f 468//468 490//468 488//468
f 489//469 491//469 469//469
f 466//470 492//470 468//470
f 491//471 493//471 469//471
f 464//472 492//472 466//472
f 467//473 493//473 465//473
f 392//474 390//474 502//474
f 505//475 391//475 503//475
f 394//476 392//476 500//476
f 503//477 393//477 501//477
f 396//478 394//478 500//478
f 501//479 395//479 397//479
f 398//480 396//480 498//480
f 499//481 397//481 399//481
f 400//482 398//482 496//482
f 497//483 399//483 401//483
f 388//484 400//484 494//484
f 495//485 401//485 389//485
f 494//486 502//486 504//486
f 505//487 503//487 495//487
f 494//488 496//488 502//488
f 501//489 497//489 503//489
f 496//490 498//490 500//490
f 501//491 499//491 497//491
f 314//492 382//492 388//492
f 389//493 383//493 315//493
f 314//494 506//494 504//494
f 505//495 507//495 315//495
f 320//496 322//496 390//496
f 505//497 323//497 391//497
f 1//498 3//498 45//498
f 2//499 48//499 46//499
f 3//500 5//500 43//500
f 4//501 46//501 44//501
f 9//502 7//502 5//502
f 10//503 4//503 6//503
f 11//504 9//504 3//504
f 12//505 2//505 4//505
f 13//506 15//506 9//506
f 14//507 12//507 10//507
f 15//508 17//508 7//508
f 16//509 10//509 8//509
f 17//510 15//510 19//510
f 18//511 20//511 16//511
f 15//512 13//512 21//512
f 16//513 22//513 14//513
f 25//514 27//514 21//514
f 26//515 24//515 22//515
f 19//516 21//516 29//516
f 20//517 30//517 22//517
f 29//518 27//518 31//518
f 30//519 32//519 28//519
f 27//520 25//520 33//520
f 28//521 34//521 26//521
f 33//522 35//522 39//522
f 34//523 40//523 36//523
f 31//524 33//524 41//524
f 32//525 42//525 34//525
f 41//526 39//526 43//526
f 42//527 44//527 40//527
f 39//528 37//528 45//528
f 40//529 46//529 38//529
f 49//530 47//530 51//530
f 50//531 52//531 48//531
f 51//532 37//532 53//532
f 52//533 54//533 38//533
f 53//534 35//534 55//534
f 54//535 56//535 36//535
f 55//536 25//536 57//536
f 56//537 58//537 26//537
f 13//538 59//538 57//538
f 14//539 24//539 58//539
f 11//540 63//540 59//540
f 12//541 14//541 60//541
f 1//542 65//542 63//542
f 2//543 12//543 64//543
f 47//544 49//544 65//544
f 48//545 2//545 66//545
f 91//546 89//546 176//546
f 91//547 176//547 90//547
f 89//548 87//548 174//548
f 90//549 175//549 88//549
f 170//550 172//550 87//550
f 171//551 86//551 88//551
f 168//552 170//552 85//552
f 169//553 84//553 86//553
f 166//554 168//554 83//554
f 167//555 82//555 84//555
f 92//556 146//556 164//556
f 93//557 80//557 165//557
f 146//558 92//558 148//558
f 147//559 149//559 93//559
f 96//560 150//560 148//560
f 97//561 95//561 149//561
f 150//562 96//562 152//562
f 151//563 153//563 97//563
f 152//564 98//564 154//564
f 153//565 155//565 99//565
f 154//566 100//566 156//566
f 155//567 157//567 101//567
f 104//568 158//568 156//568
f 105//569 103//569 157//569
f 158//570 104//570 160//570
f 159//571 161//571 105//571
f 160//572 106//572 162//572
f 161//573 163//573 107//573
f 162//574 108//574 68//574
f 163//575 68//575 109//575
f 162//576 110//576 160//576
f 163//577 161//577 111//577
f 179//578 158//578 160//578
f 180//579 129//579 161//579
f 179//580 126//580 158//580
f 180//581 159//581 127//581
f 126//582 124//582 156//582
f 127//583 157//583 125//583
f 124//584 122//584 154//584
f 125//585 155//585 123//585
f 122//586 120//586 152//586
f 123//587 153//587 121//587
f 120//588 118//588 150//588
f 121//589 151//589 119//589
f 146//590 148//590 118//590
f 147//591 117//591 119//591
f 164//592 146//592 116//592
f 165//593 115//593 117//593
f 181//594 177//594 164//594
f 182//595 115//595 165//595
f 112//596 110//596 68//596
f 113//597 68//597 111//597
f 68//598 178//598 183//598
f 68//599 113//599 184//599
f 178//600 177//600 183//600
f 178//601 184//601 177//601
f 137//602 176//602 174//602
f 137//603 136//603 175//603
f 135//604 174//604 172//604
f 136//605 134//605 173//605
f 170//606 131//606 172//606
f 171//607 173//607 132//607
f 187//608 185//608 168//608
f 188//609 167//609 169//609
f 170//610 168//610 185//610
f 171//611 132//611 186//611
f 187//612 144//612 189//612
f 188//612 189//612 145//612
f 69//613 185//613 189//613
f 69//614 189//614 186//614
f 69//615 130//615 185//615
f 69//615 186//615 130//615
f 193//616 191//616 144//616
f 194//617 143//617 145//617
f 142//618 140//618 193//618
f 143//619 194//619 141//619
f 140//620 139//620 195//620
f 141//621 196//621 139//621
f 139//622 138//622 197//622
f 139//623 198//623 138//623
f 70//624 190//624 191//624
f 70//625 192//625 190//625
f 208//145 70//145 206//145
f 208//146 207//146 70//146
f 199//626 200//626 197//626
f 199//627 71//627 198//627
f 200//628 202//628 195//628
f 201//629 198//629 196//629
f 193//630 195//630 204//630
f 194//631 205//631 196//631
f 204//154 206//154 191//154
f 205//632 194//632 192//632
f 200//633 199//633 202//633
f 201//634 203//634 199//634
f 208//635 206//635 204//635
f 208//636 199//636 205//636
f 140//637 164//637 177//637
f 141//638 139//638 177//638
f 142//639 211//639 164//639
f 143//640 141//640 165//640
f 211//641 142//641 213//641
f 212//642 214//642 143//642
f 213//643 144//643 166//643
f 214//644 167//644 145//644
f 166//645 81//645 213//645
f 167//646 214//646 82//646
f 213//647 209//647 211//647
f 214//648 212//648 210//648
f 164//649 211//649 215//649
f 165//650 80//650 216//650
f 222//651 131//651 72//651
f 223//652 72//652 132//652
f 131//653 222//653 220//653
f 132//654 134//654 221//654
f 133//655 220//655 218//655
f 134//656 136//656 219//656
f 135//657 218//657 217//657
f 136//658 137//658 217//658
f 231//181 217//181 229//181
f 231//182 230//182 217//182
f 220//659 227//659 229//659
f 221//660 219//660 230//660
f 222//185 225//185 227//185
f 223//186 221//186 228//186
f 225//187 222//187 224//187
f 226//188 224//188 223//188
f 231//661 229//661 225//661
f 231//662 224//662 226//662
f 181//663 234//663 232//663
f 182//664 184//664 233//664
f 183//665 232//665 254//665
f 184//666 113//666 255//666
f 256//667 110//667 254//667
f 257//668 255//668 111//668
f 234//669 181//669 252//669
f 235//670 253//670 182//670
f 116//202 250//202 252//202
f 117//671 115//671 253//671
f 118//672 248//672 250//672
f 119//673 117//673 251//673
f 120//674 246//674 248//674
f 121//675 119//675 249//675
f 122//676 244//676 246//676
f 123//677 121//677 247//677
f 244//678 122//678 242//678
f 245//679 243//679 123//679
f 242//680 124//680 240//680
f 243//681 241//681 125//681
f 179//682 236//682 240//682
f 180//683 127//683 241//683
f 128//684 238//684 236//684
f 129//685 180//685 237//685
f 110//686 256//686 238//686
f 111//687 129//687 239//687
f 256//688 258//688 276//688
f 257//689 239//689 277//689
f 238//690 276//690 278//690
f 239//691 237//691 279//691
f 274//692 240//692 278//692
f 275//693 279//693 241//693
f 272//694 242//694 274//694
f 273//695 275//695 243//695
f 242//696 272//696 270//696
f 243//697 245//697 271//697
f 268//698 246//698 270//698
f 269//699 271//699 247//699
f 246//700 268//700 266//700
f 247//701 249//701 267//701
f 264//702 250//702 266//702
f 265//703 267//703 251//703
f 262//704 252//704 264//704
f 263//705 265//705 253//705
f 252//237 262//237 280//237
f 253//238 235//238 281//238
f 254//706 260//706 258//706
f 255//707 257//707 259//707
f 232//708 282//708 260//708
f 233//709 255//709 261//709
f 234//710 280//710 282//710
f 235//711 233//711 283//711
f 108//712 284//712 73//712
f 109//713 67//713 73//713
f 106//714 286//714 284//714
f 107//715 109//715 285//715
f 286//716 106//716 288//716
f 287//717 289//717 107//717
f 288//718 104//718 290//718
f 289//719 291//719 105//719
f 290//720 102//720 292//720
f 291//721 293//721 103//721
f 98//722 294//722 292//722
f 99//723 101//723 293//723
f 294//724 98//724 296//724
f 295//725 297//725 99//725
f 94//726 298//726 296//726
f 95//727 97//727 297//727
f 92//728 300//728 298//728
f 93//729 95//729 299//729
f 338//730 308//730 328//730
f 339//731 329//731 308//731
f 336//732 307//732 338//732
f 337//733 339//733 307//733
f 340//734 306//734 336//734
f 341//735 337//735 306//735
f 91//736 306//736 340//736
f 91//737 90//737 341//737
f 89//738 340//738 334//738
f 90//739 88//739 335//739
f 87//740 334//740 330//740
f 88//741 86//741 331//741
f 85//742 330//742 332//742
f 86//743 84//743 333//743
f 336//744 338//744 332//744
f 337//745 331//745 333//745
f 336//746 330//746 340//746
f 337//747 341//747 331//747
f 328//748 326//748 338//748
f 329//749 339//749 327//749
f 83//750 332//750 326//750
f 84//751 82//751 327//751
f 215//752 209//752 344//752
f 216//753 345//753 210//753
f 209//754 81//754 342//754
f 210//755 343//755 82//755
f 346//756 79//756 344//756
f 347//757 345//757 80//757
f 92//758 79//758 300//758
f 93//759 301//759 80//759
f 304//760 77//760 352//760
f 304//761 353//761 77//761
f 78//762 304//762 350//762
f 78//763 351//763 304//763
f 350//764 348//764 305//764
f 351//765 78//765 305//765
f 348//766 328//766 309//766
f 349//767 305//767 309//767
f 342//768 326//768 348//768
f 343//769 349//769 327//769
f 298//770 318//770 310//770
f 299//771 297//771 311//771
f 77//772 76//772 324//772
f 77//773 325//773 76//773
f 303//774 302//774 356//774
f 303//775 357//775 302//775
f 356//776 354//776 75//776
f 357//777 303//777 75//777
f 354//778 316//778 76//778
f 355//779 75//779 76//779
f 294//780 362//780 364//780
f 295//781 293//781 365//781
f 362//782 368//782 366//782
f 363//783 365//783 367//783
f 368//784 370//784 372//784
f 369//785 367//785 373//785
f 370//786 376//786 374//786
f 371//787 373//787 375//787
f 376//788 314//788 374//788
f 377//789 375//789 315//789
f 354//790 374//790 378//790
f 355//791 317//791 379//791
f 356//792 372//792 374//792
f 357//793 355//793 375//793
f 358//794 366//794 372//794
f 359//795 357//795 373//795
f 360//796 364//796 366//796
f 361//797 359//797 367//797
f 360//798 290//798 364//798
f 361//799 365//799 291//799
f 302//800 74//800 358//800
f 302//801 359//801 74//801
f 290//802 284//802 288//802
f 291//803 289//803 285//803
f 290//804 360//804 74//804
f 291//805 285//805 74//805
f 362//806 294//806 310//806
f 363//807 311//807 295//807
f 312//808 368//808 362//808
f 313//809 311//809 363//809
f 382//810 370//810 368//810
f 383//811 313//811 369//811
f 382//812 314//812 370//812
f 383//813 371//813 315//813
f 384//814 348//814 386//814
f 385//815 387//815 349//815
f 320//816 318//816 386//816
f 321//817 387//817 319//817
f 300//818 384//818 318//818
f 301//819 299//819 319//819
f 344//820 342//820 384//820
f 345//821 301//821 385//821
f 378//822 314//822 380//822
f 379//823 381//823 315//823
f 324//824 316//824 380//824
f 325//825 381//825 317//825
f 322//826 320//826 380//826
f 323//827 381//827 321//827
f 386//828 350//828 380//828
f 387//829 381//829 351//829
f 402//830 400//830 414//830
f 403//831 415//831 401//831
f 402//832 404//832 398//832
f 403//833 401//833 399//833
f 396//834 398//834 406//834
f 397//835 407//835 399//835
f 394//836 396//836 408//836
f 395//837 409//837 397//837
f 392//838 394//838 410//838
f 393//839 411//839 395//839
f 410//840 412//840 390//840
f 411//841 393//841 391//841
f 412//842 410//842 418//842
f 413//843 419//843 411//843
f 422//844 420//844 410//844
f 423//845 409//845 411//845
f 408//846 406//846 422//846
f 409//847 423//847 407//847
f 406//848 404//848 424//848
f 407//849 425//849 405//849
f 404//850 402//850 426//850
f 405//851 427//851 403//851
f 414//852 416//852 428//852
f 415//853 403//853 429//853
f 442//854 318//854 444//854
f 443//855 445//855 319//855
f 444//856 320//856 412//856
f 445//857 413//857 321//857
f 318//858 442//858 312//858
f 319//859 311//859 313//859
f 430//860 414//860 388//860
f 431//861 383//861 389//861
f 418//862 440//862 444//862
f 419//863 413//863 445//863
f 440//864 438//864 444//864
f 441//865 445//865 439//865
f 446//866 438//866 436//866
f 447//867 435//867 437//867
f 434//868 432//868 446//868
f 435//869 447//869 433//869
f 450//870 430//870 432//870
f 451//871 433//871 431//871
f 416//872 414//872 450//872
f 417//873 451//873 415//873
f 382//874 312//874 430//874
f 383//875 431//875 313//875
f 448//876 312//876 446//876
f 449//877 447//877 313//877
f 450//878 452//878 476//878
f 451//879 417//879 477//879
f 452//880 450//880 462//880
f 453//881 463//881 451//881
f 434//425 460//425 462//425
f 435//426 433//426 463//426
f 460//882 434//882 458//882
f 461//883 459//883 435//883
f 458//884 436//884 456//884
f 459//885 457//885 437//885
f 440//886 454//886 456//886
f 441//426 439//426 457//426
f 418//887 474//887 454//887
f 419//888 441//888 455//888
f 416//889 476//889 464//889
f 417//890 429//890 465//890
f 428//891 464//891 466//891
f 429//892 427//892 467//892
f 426//893 466//893 468//893
f 427//894 425//894 469//894
f 470//895 422//895 468//895
f 471//896 469//896 423//896
f 472//897 420//897 470//897
f 473//898 471//898 421//898
f 474//899 418//899 472//899
f 475//900 473//900 419//900
f 478//901 458//901 480//901
f 479//902 481//902 459//902
f 484//903 478//903 482//903
f 485//904 483//904 479//904
f 482//905 488//905 486//905
f 483//906 485//906 487//906
f 492//907 486//907 490//907
f 493//908 491//908 487//908
f 476//909 486//909 492//909
f 477//910 465//910 493//910
f 476//911 452//911 486//911
f 477//912 487//912 453//912
f 484//913 452//913 478//913
f 485//914 479//914 453//914
f 478//915 462//915 460//915
f 479//916 459//916 461//916
f 474//917 480//917 456//917
f 475//918 455//918 457//918
f 474//919 472//919 480//919
f 475//920 481//920 473//920
f 472//921 470//921 482//921
f 473//922 483//922 471//922
f 470//923 468//923 488//923
f 471//924 489//924 469//924
f 492//925 490//925 468//925
f 493//926 467//926 469//926
f 390//927 504//927 502//927
f 391//928 393//928 503//928
f 392//929 502//929 500//929
f 393//930 395//930 501//930
f 498//931 396//931 500//931
f 499//932 501//932 397//932
f 496//933 398//933 498//933
f 497//934 499//934 399//934
f 494//935 400//935 496//935
f 495//936 497//936 401//936
f 506//937 388//937 494//937
f 507//938 495//938 389//938
f 506//939 494//939 504//939
f 507//940 505//940 495//940
f 496//941 500//941 502//941
f 497//942 495//942 503//942
f 506//943 314//943 388//943
f 507//944 389//944 315//944
f 322//945 314//945 504//945
f 323//946 505//946 315//946
f 322//947 504//947 390//947
f 323//948 321//948 391//948
