# Blender v2.68 (sub 0) OBJ File: ''
# www.blender.org
v -1.303500 0.488811 -2.281118
v 1.303494 0.488811 -2.281122
v -1.489714 0.279321 -2.048351
v 1.489708 0.279321 -2.048355
v -1.629374 0.162937 -1.722476
v 1.629369 0.162937 -1.722481
v -1.047455 -0.069830 -1.838861
v 1.047451 -0.069830 -1.838863
v -1.047456 0.093107 -2.141458
v 1.047450 0.093107 -2.141461
v -1.047456 0.395704 -2.327672
v 1.047450 0.395704 -2.327675
v -0.814689 0.488811 -2.374226
v 0.814683 0.488811 -2.374228
v -0.605198 0.279321 -2.211289
v 0.605192 0.279321 -2.211291
v -0.465537 0.162937 -1.931968
v 0.465532 0.162937 -1.931970
v -0.232770 0.721579 -1.955245
v 0.232765 0.721579 -1.955246
v -0.418984 0.721579 -2.211289
v 0.418978 0.721579 -2.211290
v -0.721582 0.721579 -2.374226
v 0.721576 0.721579 -2.374228
v -0.814689 0.977623 -2.374226
v 0.814683 0.977623 -2.374228
v -0.605198 1.163837 -2.211289
v 0.605192 1.163837 -2.211291
v -0.465537 1.303497 -1.931968
v 0.465532 1.303497 -1.931970
v -1.047455 1.536264 -1.838861
v 1.047451 1.536264 -1.838863
v -1.047456 1.350051 -2.141458
v 1.047450 1.350051 -2.141461
v -1.047456 1.070730 -2.327672
v 1.047450 1.070730 -2.327675
v -1.303500 0.977623 -2.281118
v 1.303494 0.977623 -2.281122
v -1.489714 1.163837 -2.048351
v 1.489708 1.163837 -2.048355
v -1.629374 1.303497 -1.722476
v 1.629369 1.303497 -1.722481
v -1.862141 0.721579 -1.675923
v 1.862137 0.721579 -1.675927
v -1.675928 0.721579 -2.001797
v 1.675922 0.721579 -2.001801
v -1.396607 0.721579 -2.257842
v 1.396601 0.721579 -2.257845
v -1.419884 0.721579 -2.304395
v 1.419878 0.721579 -2.304399
v -1.326777 1.000900 -2.327672
v 1.326771 1.000900 -2.327675
v -1.047456 1.117283 -2.397502
v 1.047450 1.117283 -2.397505
v -0.791412 1.000900 -2.444056
v 0.791406 1.000900 -2.444058
v -0.675028 0.721579 -2.444056
v 0.675022 0.721579 -2.444058
v -0.791412 0.465535 -2.444056
v 0.791406 0.465535 -2.444058
v -1.047456 0.721579 -2.467333
v 1.047450 0.721579 -2.467335
v -1.047456 0.349151 -2.397502
v 1.047450 0.349151 -2.397505
v -1.326777 0.465535 -2.327672
v 1.326771 0.465535 -2.327675
v -0.000003 1.280220 -2.211290
v -0.000003 1.047453 -2.444057
v -0.000003 -2.025076 -2.188013
v -0.000003 -0.954346 -2.327673
v -0.000003 -0.558642 -2.374227
v -0.000003 -2.304397 -2.141459
v -0.000002 1.210390 -1.792309
v -0.000002 1.699202 -1.699202
v 0.000002 2.676825 1.629371
v 0.000003 1.675925 2.537164
v 0.000003 0.209491 2.467334
v 0.000001 -1.140560 1.047453
v -0.605197 -0.558642 -1.675924
v 0.605193 -0.558642 -1.675926
v -0.931072 -1.303497 -1.699200
v 0.931067 -1.303497 -1.699203
v -1.047455 -2.071630 -1.699200
v 1.047451 -2.071630 -1.699203
v -1.094009 -2.653548 -1.582816
v 1.094005 -2.653548 -1.582819
v -0.977625 -2.816485 -1.559540
v 0.977621 -2.816485 -1.559542
v -0.535367 -2.886315 -1.652647
v 0.535363 -2.886315 -1.652649
v -0.000002 -2.932869 -1.722478
v -1.303499 -0.418981 -1.582816
v 1.303495 -0.418981 -1.582820
v -1.885418 -0.116384 -1.606092
v 1.885414 -0.116384 -1.606097
v -2.467336 0.442258 -1.326771
v 2.467332 0.442258 -1.326777
v -2.560443 1.280220 -1.769029
v 2.560439 1.280220 -1.769035
v -2.118185 1.443157 -1.862136
v 2.118181 1.443158 -1.862142
v -1.466437 1.792308 -2.048351
v 1.466432 1.792309 -2.048355
v -0.954349 2.257843 -2.188012
v 0.954343 2.257843 -2.188015
v -0.465538 2.141459 -2.257843
v 0.465532 2.141459 -2.257844
v -0.186217 1.466434 -2.234566
v 0.186211 1.466434 -2.234567
v -0.488814 1.233667 -2.304396
v 0.488808 1.233667 -2.304397
v -0.372431 0.907793 -2.281120
v 0.372425 0.907793 -2.281121
v -0.605198 0.279321 -2.211289
v 0.605192 0.279321 -2.211291
v -1.117286 0.046553 -2.094905
v 1.117281 0.046553 -2.094908
v -1.466437 0.186214 -2.001797
v 1.466432 0.186214 -2.001801
v -1.862141 0.558642 -1.931967
v 1.862136 0.558642 -1.931971
v -1.908695 0.884516 -1.931967
v 1.908690 0.884516 -1.931972
v -1.792311 1.117283 -1.978520
v 1.792306 1.117283 -1.978525
v -1.280223 1.303497 -2.141458
v 1.280218 1.303497 -2.141461
v -0.744858 1.396604 -2.257842
v 0.744853 1.396604 -2.257844
v -0.000003 -2.281120 -2.188013
v -0.325877 -2.141460 -2.188013
v 0.325871 -2.141460 -2.188013
v -0.349154 -2.490611 -2.118182
v 0.349148 -2.490611 -2.118183
v -0.186217 -2.630271 -2.071629
v 0.186211 -2.630271 -2.071630
v -0.000003 -2.653548 -2.048352
v -0.000003 -0.581918 -2.234566
v -0.000003 -0.418981 -2.211290
v -0.302600 -0.442258 -2.211289
v 0.302595 -0.442258 -2.211290
v -0.372431 -0.675025 -2.234566
v 0.372425 -0.675025 -2.234567
v -0.256047 -0.861239 -2.211289
v 0.256041 -0.861239 -2.211290
v -1.187116 -0.139661 -2.001798
v 1.187111 -0.139660 -2.001801
v -1.838864 0.162937 -1.862136
v 1.838860 0.162937 -1.862141
v -2.164739 0.605195 -1.792306
v 2.164734 0.605195 -1.792311
v -2.211292 1.117283 -1.955243
v 2.211287 1.117283 -1.955249
v -2.048356 1.233667 -2.164734
v 2.048350 1.233667 -2.164739
v -1.303500 1.629371 -2.374225
v 1.303494 1.629371 -2.374229
v -0.931073 1.908692 -2.490610
v 0.931066 1.908692 -2.490612
v -0.605198 1.838862 -2.537163
v 0.605192 1.838862 -2.537165
v -0.302601 1.280220 -2.513887
v 0.302594 1.280220 -2.513888
v -0.372431 -0.302598 -2.420780
v 0.372425 -0.302598 -2.420781
v -0.628475 -1.326774 -2.118182
v 0.628469 -1.326774 -2.118184
v -0.744858 -2.094906 -2.048352
v 0.744853 -2.094906 -2.048353
v -0.791412 -2.444057 -1.978521
v 0.791406 -2.444057 -1.978523
v -0.698304 -2.723378 -1.885414
v 0.698300 -2.723378 -1.885416
v -0.488814 -2.769932 -1.885415
v 0.488809 -2.769932 -1.885416
v -0.000002 -2.816485 -1.908692
v -0.000003 0.139660 -2.164736
v -0.000003 0.628472 -2.281120
v -0.977626 1.419881 -2.211289
v 0.977620 1.419881 -2.211291
v -0.488814 0.418981 -2.234566
v 0.488809 0.418981 -2.234567
v -0.395707 0.628472 -2.257843
v 0.395702 0.628472 -2.257844
v -0.349154 -2.048353 -2.188013
v 0.349148 -2.048353 -2.188014
v -0.232770 -1.326774 -2.234566
v 0.232764 -1.326774 -2.234567
v -0.000003 -1.326774 -2.234566
v -0.000003 -0.977623 -2.211290
v -0.279324 -0.814686 -2.327673
v 0.279318 -0.814686 -2.327674
v -0.395708 -0.675025 -2.374226
v 0.395701 -0.675025 -2.374228
v -0.325877 -0.395705 -2.327673
v 0.325871 -0.395705 -2.327674
v -0.116387 -0.372428 -2.327673
v 0.116381 -0.372428 -2.327674
v -0.000003 -0.605195 -2.467334
v -0.139664 -0.442258 -2.420780
v 0.139657 -0.442258 -2.420781
v -0.279324 -0.465535 -2.420780
v 0.279318 -0.465535 -2.420781
v -0.325877 -0.675025 -2.467334
v 0.325871 -0.675025 -2.467334
v -0.232770 -0.744856 -2.397503
v 0.232764 -0.744856 -2.397504
v -0.000003 -0.861239 -2.397504
v -0.768134 -0.931069 -1.652647
v 0.768130 -0.931069 -1.652649
v -0.488814 -0.721579 -2.118182
v 0.488809 -0.721579 -2.118183
v -0.535368 -0.931069 -2.118182
v 0.535362 -0.931069 -2.118184
v -0.698304 -0.744856 -1.652647
v 0.698300 -0.744856 -1.652649
v -0.000003 -2.606994 -2.048352
v -0.139663 -2.583718 -2.048352
v 0.139658 -2.583718 -2.048353
v -0.279324 -2.444057 -2.118182
v 0.279318 -2.444057 -2.118183
v -0.279324 -2.211290 -2.164736
v 0.279318 -2.211290 -2.164737
v -0.000002 -2.327674 -1.955246
v -0.279323 -2.234567 -1.978522
v 0.279318 -2.234567 -1.978523
v -0.279323 -2.420780 -1.908692
v 0.279318 -2.420780 -1.908692
v -0.139663 -2.537164 -1.885415
v 0.139658 -2.537164 -1.885416
v -0.000002 -2.560441 -1.885415
v -0.512091 0.651748 -2.327673
v 0.512085 0.651748 -2.327674
v -0.558645 0.465535 -2.304396
v 0.558639 0.465535 -2.304398
v -1.000903 1.280220 -2.257842
v 1.000897 1.280220 -2.257845
v -0.814689 1.256944 -2.304396
v 0.814683 1.256944 -2.304398
v -1.256947 1.187113 -2.304395
v 1.256941 1.187113 -2.304399
v -1.675928 1.047453 -2.071627
v 1.675922 1.047453 -2.071632
v -1.745758 0.861239 -2.048351
v 1.745752 0.861239 -2.048355
v -1.722481 0.581918 -2.025074
v 1.722476 0.581918 -2.025078
v -1.419884 0.302597 -2.141458
v 1.419878 0.302597 -2.141461
v -1.117286 0.186214 -2.211288
v 1.117280 0.186214 -2.211291
v -0.675028 0.325874 -2.327673
v 0.675022 0.325874 -2.327674
v -0.535368 0.884516 -2.327673
v 0.535362 0.884516 -2.327674
v -0.628475 1.117283 -2.327673
v 0.628469 1.117283 -2.327674
v -0.698305 1.070730 -2.257843
v 0.698299 1.070730 -2.257844
v -0.581921 0.884516 -2.257843
v 0.581915 0.884516 -2.257844
v -0.721582 0.372428 -2.257842
v 0.721576 0.372428 -2.257844
v -1.117286 0.256044 -2.164735
v 1.117280 0.256044 -2.164738
v -1.373330 0.349151 -2.094904
v 1.373325 0.349151 -2.094908
v -1.629374 0.628472 -2.001797
v 1.629369 0.628472 -2.001801
v -1.652651 0.837962 -2.001797
v 1.652646 0.837962 -2.001801
v -1.582821 1.000900 -2.025074
v 1.582815 1.000900 -2.025078
v -1.233670 1.163837 -2.234565
v 1.233664 1.163837 -2.234568
v -0.837965 1.187113 -2.281119
v 0.837960 1.187113 -2.281121
v -1.000902 1.210390 -2.234565
v 1.000897 1.210390 -2.234568
v -0.605198 0.512088 -2.234566
v 0.605192 0.512088 -2.234567
v -0.581921 0.675025 -2.234566
v 0.581915 0.675025 -2.234567
v -0.325877 1.373327 -1.815585
v 0.325872 1.373327 -1.815586
v -0.581921 1.978522 -1.838861
v 0.581916 1.978522 -1.838863
v -1.000902 2.048353 -1.769031
v 1.000897 2.048353 -1.769033
v -1.443160 1.652648 -1.652646
v 1.443155 1.652648 -1.652650
v -2.025078 1.350051 -1.466432
v 2.025074 1.350051 -1.466437
v -2.374229 1.210390 -1.373324
v 2.374225 1.210390 -1.373330
v -2.304398 0.488811 -1.117280
v 2.304395 0.488811 -1.117286
v -1.792310 -0.000000 -1.233665
v 1.792307 -0.000000 -1.233669
v -1.303499 -0.279321 -1.396602
v 1.303495 -0.279321 -1.396606
v -0.000001 2.676825 -0.861239
v 0.000000 2.932869 0.232767
v 0.000003 -0.581918 2.001799
v -0.000001 -1.373327 -0.558642
v -0.000002 -2.909592 -1.373327
v -0.000001 -2.397504 -1.024176
v -0.000001 -1.699202 -0.954346
v -0.000001 -1.443158 -0.837962
v -2.537164 0.698302 -0.162934
v 2.537164 0.698302 -0.162940
v -2.560441 0.954346 0.139664
v 2.560441 0.954346 0.139657
v -2.304395 0.791409 1.303500
v 2.304399 0.791409 1.303494
v -1.373325 1.303497 2.094908
v 1.373330 1.303497 2.094904
v -2.188013 -0.139660 -0.209488
v 2.188013 -0.139660 -0.209493
v -1.769031 -0.372428 0.488814
v 1.769032 -0.372428 0.488809
v -1.908691 -0.023277 1.280223
v 1.908694 -0.023277 1.280218
v -1.000897 0.162937 1.978524
v 1.000902 0.162937 1.978521
v -0.698304 -1.047453 -1.210389
v 0.698300 -1.047453 -1.210391
v -0.535366 -1.233667 -0.768131
v 0.535364 -1.233667 -0.768133
v -0.861241 -2.118183 -1.140559
v 0.861238 -2.118183 -1.140561
v -0.744857 -1.489711 -1.163836
v 0.744854 -1.489711 -1.163838
v -0.977624 -2.723378 -1.187112
v 0.977621 -2.723378 -1.187115
v -0.418983 -2.257843 -1.094006
v 0.418980 -2.257843 -1.094007
v -0.372429 -1.606095 -1.070729
v 0.372426 -1.606095 -1.070730
v -0.488813 -2.816485 -1.303496
v 0.488810 -2.816485 -1.303498
v -0.651750 -0.837963 -1.280220
v 0.651747 -0.837963 -1.280221
v -0.628474 -0.675025 -1.396603
v 0.628470 -0.675025 -1.396605
v -0.605197 -0.512088 -1.489710
v 0.605193 -0.512088 -1.489712
v -0.628472 -1.163837 -0.488811
v 0.628471 -1.163837 -0.488812
v -0.884515 -0.931069 0.791410
v 0.884517 -0.931069 0.791408
v -1.024174 -0.442258 1.606096
v 1.024178 -0.442258 1.606093
v -1.350049 2.583718 1.140562
v 1.350052 2.583718 1.140558
v -1.350050 2.769932 0.209492
v 1.350051 2.769932 0.209489
v -1.350052 2.537164 -0.698300
v 1.350050 2.537164 -0.698304
v -1.373329 1.559541 -1.280219
v 1.373326 1.559541 -1.280222
v -2.164738 1.210390 -1.000897
v 2.164735 1.210390 -1.000902
v -1.885417 1.350051 -0.837960
v 1.885414 1.350051 -0.837965
v -1.908692 2.094906 -0.162935
v 1.908692 2.094906 -0.162940
v -2.374228 1.675925 -0.372425
v 2.374227 1.675925 -0.372431
v -2.374227 1.838862 0.349154
v 2.374228 1.838862 0.349148
v -1.908692 2.234567 0.581921
v 1.908693 2.234567 0.581916
v -1.908691 2.025076 1.326776
v 1.908694 2.025076 1.326771
v -2.374226 1.606095 1.070733
v 2.374228 1.606095 1.070727
v -1.838860 0.977623 1.745757
v 1.838864 0.977623 1.745753
v -1.443156 0.069830 1.629373
v 1.443160 0.069830 1.629370
v -2.444057 0.977623 0.605198
v 2.444058 0.977623 0.605192
v -1.210391 -0.512088 -0.442256
v 1.210390 -0.512088 -0.442259
v -1.280220 -0.581918 0.628474
v 1.280221 -0.581918 0.628470
v -2.653547 1.210390 0.698305
v 2.653549 1.210390 0.698299
v -2.304396 -0.418981 0.372431
v 2.304397 -0.418981 0.372425
v -3.095804 -0.302598 0.977627
v 3.095807 -0.302597 0.977619
v -3.817383 0.162937 1.280225
v 3.817386 0.162937 1.280216
v -4.026874 0.954346 1.256949
v 4.026877 0.954346 1.256938
v -3.677722 1.512988 1.256948
v 3.677726 1.512988 1.256939
v -3.049251 1.419881 0.931073
v 3.049253 1.419881 0.931065
v -3.025975 1.233667 0.861243
v 3.025977 1.233667 0.861235
v -3.538062 1.303497 1.163841
v 3.538065 1.303497 1.163832
v -3.770829 0.861239 1.210395
v 3.770833 0.861239 1.210385
v -3.607892 0.232767 1.210395
v 3.607895 0.232767 1.210386
v -3.072528 -0.116384 0.907797
v 3.072530 -0.116384 0.907789
v -2.467333 -0.209491 0.395708
v 2.467335 -0.209491 0.395701
v -2.746654 1.070730 0.651752
v 2.746655 1.070730 0.651745
v -2.816484 0.907793 0.861243
v 2.816486 0.907793 0.861236
v -2.630270 -0.069830 0.628475
v 2.630272 -0.069830 0.628469
v -3.095804 0.000000 1.094010
v 3.095807 0.000000 1.094003
v -3.538062 0.279321 1.326778
v 3.538065 0.279321 1.326769
v -3.677722 0.744856 1.326779
v 3.677726 0.744856 1.326769
v -3.491508 1.070730 1.303502
v 3.491512 1.070730 1.303493
v -3.049251 1.024176 1.070734
v 3.049254 1.024176 1.070726
v -2.513887 0.861239 0.628475
v 2.513888 0.861239 0.628469
v -2.490610 0.512088 0.814689
v 2.490612 0.512088 0.814683
v -2.257842 0.279321 0.814689
v 2.257844 0.279321 0.814683
v -2.444056 0.256044 0.814689
v 2.444058 0.256044 0.814683
v -2.513886 0.046553 0.814689
v 2.513888 0.046554 0.814682
v -2.420779 -0.046553 0.814689
v 2.420781 -0.046553 0.814683
v -2.164736 0.000000 0.209493
v 2.164737 0.000000 0.209488
v -2.141459 -0.069830 0.512091
v 2.141460 -0.069830 0.512085
v -2.141459 0.116384 0.558644
v 2.141460 0.116384 0.558639
v -2.374226 0.605195 0.628475
v 2.374228 0.605195 0.628469
v -2.653547 0.721579 0.791412
v 2.653549 0.721579 0.791406
v -2.653547 0.698302 0.954350
v 2.653549 0.698302 0.954343
v -2.420779 -0.046553 0.954349
v 2.420782 -0.046553 0.954343
v -2.537163 0.046554 0.954349
v 2.537165 0.046554 0.954343
v -2.467333 0.232767 0.954349
v 2.467335 0.232767 0.954343
v -2.281119 0.279321 0.954349
v 2.281121 0.279321 0.954343
v -2.513886 0.512088 0.954349
v 2.513889 0.512088 0.954343
v -3.095804 0.977623 1.233671
v 3.095807 0.977623 1.233663
v -3.538062 1.024176 1.443162
v 3.538066 1.024176 1.443153
v -3.747552 0.721579 1.466439
v 3.747556 0.721579 1.466429
v -3.607892 0.256044 1.443162
v 3.607896 0.256044 1.443153
v -3.119081 0.000000 1.256948
v 3.119084 0.000000 1.256940
v -2.630270 -0.046553 0.791412
v 2.630272 -0.046553 0.791406
v -2.839760 0.861239 1.024180
v 2.839763 0.861239 1.024173
v -2.653547 0.325874 0.977626
v 2.653549 0.325874 0.977619
v -2.793207 0.186214 1.000903
v 2.793210 0.186214 1.000896
v -2.979421 0.372428 1.094010
v 2.979424 0.372428 1.094003
v -2.863037 0.512088 1.047457
v 2.863040 0.512088 1.047449
v -3.025974 0.698302 1.117287
v 3.025977 0.698302 1.117279
v -3.142358 0.558642 1.140564
v 3.142361 0.558642 1.140556
v -3.305295 0.628472 1.163841
v 3.305298 0.628472 1.163833
v -3.235465 0.814686 1.163841
v 3.235468 0.814686 1.163833
v -3.049250 1.303497 1.443161
v 3.049254 1.303497 1.443154
v -3.724276 1.396604 1.629376
v 3.724280 1.396604 1.629367
v -4.073427 0.884516 1.489716
v 4.073431 0.884516 1.489706
v -3.910490 0.162937 1.582823
v 3.910494 0.162937 1.582813
v -3.095804 -0.256044 1.466438
v 3.095808 -0.256044 1.466430
v -2.350949 -0.372428 0.977626
v 2.350951 -0.372428 0.977620
v -2.560439 1.140560 1.140563
v 2.560442 1.140560 1.140557
vn -0.663037 -0.192883 -0.723311
vn 0.666009 -0.204926 -0.717243
vn -0.828520 -0.299015 -0.473439
vn 0.830101 -0.307090 -0.465434
vn -0.425062 -0.779280 -0.460483
vn 0.408092 -0.803818 -0.432826
vn -0.338489 -0.548583 -0.764514
vn 0.371365 -0.486618 -0.790754
vn 0.039277 -0.523693 -0.851001
vn -0.099185 -0.547221 -0.831091
vn 0.283709 -0.844293 -0.454619
vn -0.258890 -0.838801 -0.478945
vn 0.765567 -0.322344 -0.556777
vn -0.765568 -0.322344 -0.556776
vn 0.465797 -0.186320 -0.865054
vn -0.465799 -0.186320 -0.865053
vn 0.467206 0.169893 -0.867672
vn -0.482284 0.203067 -0.852154
vn 0.771027 0.324643 -0.547836
vn -0.771028 0.324643 -0.547834
vn 0.265909 0.820997 -0.505229
vn -0.265911 0.820997 -0.505228
vn 0.055384 0.553849 -0.830773
vn -0.055386 0.553848 -0.830773
vn -0.344840 0.578837 -0.738941
vn 0.344838 0.578837 -0.738941
vn -0.423137 0.752934 -0.504029
vn 0.423136 0.752934 -0.504031
vn -0.828520 0.299015 -0.473439
vn 0.828519 0.299015 -0.473441
vn -0.665188 0.175917 -0.725657
vn 0.665186 0.175917 -0.725659
vn -0.768348 0.329293 0.548823
vn 0.768351 0.329293 0.548820
vn -0.197726 0.815623 0.543750
vn 0.197727 0.815623 0.543749
vn 0.408249 0.816496 0.408249
vn -0.408248 0.816496 0.408249
vn 0.796396 0.289598 0.530930
vn -0.796395 0.289598 0.530931
vn 0.789474 -0.315789 0.526315
vn -0.832844 -0.378566 0.403804
vn 0.408249 -0.816497 0.408247
vn -0.432041 -0.750388 0.500259
vn -0.197726 -0.815623 0.543749
vn 0.214298 -0.826574 0.520434
vn -0.752216 -0.356313 0.554267
vn 0.839964 -0.343622 0.419982
vn -0.400040 -0.062344 -0.914375
vn 0.400038 -0.062343 -0.914376
vn -0.306939 -0.175393 -0.935428
vn 0.306936 -0.175393 -0.935429
vn -0.094513 -0.183464 -0.978472
vn 0.094510 -0.183464 -0.978473
vn 0.062352 -0.028342 -0.997652
vn -0.062354 -0.028343 -0.997652
vn 0.062356 0.025982 -0.997716
vn -0.062358 0.025983 -0.997716
vn -0.099563 0.172922 -0.979890
vn 0.099560 0.172922 -0.979891
vn -0.303573 0.165584 -0.938310
vn 0.303569 0.165584 -0.938311
vn -0.400164 0.057166 -0.914659
vn 0.400162 0.057166 -0.914660
vn -0.105862 -0.880771 -0.461557
vn 0.105861 -0.880771 -0.461558
vn -0.196716 -0.885219 -0.421532
vn 0.196715 -0.885220 -0.421533
vn -0.548631 -0.488780 -0.678306
vn 0.623034 -0.426287 -0.655827
vn -0.756148 -0.069645 -0.650684
vn 0.789792 -0.017320 -0.613130
vn -0.801466 0.121434 -0.585582
vn 0.752770 0.054417 -0.656030
vn -0.229854 -0.896039 -0.379843
vn 0.435893 -0.688253 -0.579918
vn -0.292804 -0.619134 -0.728655
vn 0.292802 -0.619134 -0.728656
vn -0.689087 -0.423923 -0.587749
vn 0.689835 -0.414590 -0.593500
vn -0.572976 -0.431433 -0.696824
vn 0.572974 -0.431433 -0.696826
vn -0.386060 0.714362 -0.583648
vn 0.386059 0.714362 -0.583649
vn -0.507933 0.641599 -0.574765
vn 0.507932 0.641599 -0.574766
vn -0.630434 0.520792 -0.575612
vn 0.581007 0.510582 -0.633827
vn 0.051674 0.664392 -0.745596
vn -0.051676 0.664392 -0.745596
vn 0.787930 0.307647 -0.533404
vn -0.787931 0.307647 -0.533402
vn 0.622542 0.553371 -0.553373
vn -0.622544 0.553371 -0.553371
vn -0.401602 -0.395017 -0.826243
vn 0.401600 -0.395017 -0.826244
vn -0.218052 -0.470992 -0.854763
vn 0.222420 -0.467656 -0.855469
vn 0.171074 -0.564549 -0.807476
vn -0.171076 -0.564549 -0.807476
vn 0.180307 -0.703398 -0.687547
vn -0.180309 -0.703398 -0.687546
vn -0.420680 -0.613696 -0.668136
vn 0.420678 -0.613696 -0.668137
vn -0.437337 -0.308531 -0.844716
vn 0.437334 -0.308531 -0.844717
vn -0.343364 -0.105650 -0.933241
vn 0.343361 -0.105650 -0.933242
vn -0.357889 -0.306761 -0.881937
vn 0.322276 -0.276237 -0.905445
vn -0.306947 0.211293 -0.927976
vn 0.481542 -0.240771 -0.842702
vn -0.386907 0.171414 -0.906046
vn -0.292160 0.282884 -0.913575
vn -0.429934 -0.721674 -0.542534
vn 0.429933 -0.721674 -0.542535
vn -0.386343 -0.044578 -0.921277
vn 0.054741 -0.361903 -0.930607
vn 0.062563 -0.137640 -0.988505
vn -0.062565 -0.137640 -0.988504
vn -0.020356 -0.783677 -0.620835
vn 0.097665 -0.647680 -0.755627
vn -0.207391 -0.518476 -0.829561
vn 0.147042 -0.661693 -0.735215
vn -0.482517 -0.140733 -0.864506
vn 0.482515 -0.140734 -0.864508
vn -0.281889 -0.044419 -0.958418
vn 0.332047 -0.007298 -0.943235
vn -0.359534 -0.089883 -0.928793
vn 0.313970 -0.145772 -0.938175
vn 0.030220 0.066488 -0.997329
vn -0.030223 0.066488 -0.997329
vn -0.000001 -0.064382 -0.997925
vn -0.000002 -0.064382 -0.997925
vn -0.000002 -0.000000 -1.000000
vn 0.000000 -0.000003 -1.000000
vn -0.847337 -0.511933 0.141224
vn 0.744073 -0.658218 -0.114474
vn -0.944758 0.191904 0.265715
vn 0.944759 0.191904 0.265712
vn -0.098456 0.886109 0.452900
vn 0.098457 0.886108 0.452900
vn 0.854358 0.512615 0.085435
vn -0.854358 0.512615 0.085437
vn -0.398334 -0.876334 -0.270866
vn 0.398333 -0.876334 -0.270867
vn -0.287348 -0.574696 -0.766261
vn 0.287347 -0.574696 -0.766261
vn 0.781403 0.558146 -0.279074
vn -0.520720 0.615395 -0.591726
vn -0.089714 0.807410 -0.583130
vn 0.126999 0.762001 -0.635000
vn -0.745357 0.298142 -0.596283
vn 0.745356 0.298142 -0.596285
vn -0.604553 -0.654930 -0.453412
vn 0.000000 -0.707107 -0.707107
vn -0.048635 0.226960 -0.972689
vn 0.048633 0.226960 -0.972689
vn 0.056292 -0.262700 -0.963234
vn 0.428571 -0.857143 -0.285716
vn -0.006390 0.083044 -0.996525
vn -0.781796 -0.366157 -0.504702
vn 0.872871 -0.218218 -0.436437
vn 0.581913 -0.363697 -0.727394
vn -0.243484 -0.268670 -0.931951
vn 0.243481 -0.268670 -0.931951
vn -0.282006 0.033841 -0.958816
vn 0.282004 0.033841 -0.958816
vn -0.816497 0.408248 -0.408247
vn 0.816496 0.408248 -0.408249
vn -0.868220 0.325582 -0.374419
vn 0.868219 0.325582 -0.374421
vn -0.893156 0.430173 -0.131238
vn 0.910178 -0.044591 -0.411811
vn -0.357931 -0.835170 -0.417585
vn 0.357930 -0.835170 -0.417585
vn 0.135320 -0.202979 -0.969788
vn -0.192452 -0.192450 -0.962250
vn 0.356913 0.107073 -0.927981
vn -0.188145 -0.282217 -0.940721
vn 0.124034 0.000000 -0.992278
vn -0.065514 0.393072 -0.917171
vn 0.158236 0.949410 -0.271259
vn -0.158236 0.949410 -0.271259
vn 0.739600 0.647151 -0.184901
vn -0.646160 0.758534 -0.084281
vn 1.000000 0.000000 -0.000001
vn -1.000000 0.000000 0.000001
vn -0.305141 -0.944953 -0.118119
vn 0.305141 -0.944953 -0.118120
vn -0.015963 -0.287311 -0.957704
vn 0.052631 -0.315790 -0.947368
vn -0.135295 -0.347896 -0.927720
vn 0.135292 -0.347896 -0.927720
vn 0.448142 -0.293016 -0.844577
vn -0.598988 -0.245039 -0.762344
vn 0.286863 -0.103271 -0.952389
vn -0.521445 0.052145 -0.851690
vn 0.270909 0.028025 -0.962197
vn -0.270911 0.028025 -0.962196
vn 0.577350 -0.577350 -0.577351
vn -0.577351 -0.577350 -0.577349
vn 0.265483 -0.829636 -0.491145
vn -0.000001 -0.640185 -0.768221
vn -0.418605 -0.581396 -0.697674
vn 0.397220 -0.635553 -0.662034
vn -0.591414 -0.511493 -0.623381
vn 0.516783 -0.214515 -0.828805
vn -0.544024 -0.077718 -0.835463
vn 0.588225 -0.115716 -0.800376
vn -0.573168 0.124601 -0.809909
vn 0.573166 0.124602 -0.809910
vn -0.434746 0.702281 -0.563735
vn 0.434745 0.702281 -0.563736
vn -0.406304 0.715093 -0.568823
vn -0.061286 0.306427 -0.949919
vn -0.152411 0.335301 -0.929701
vn 0.177191 0.389823 -0.903682
vn 0.021876 0.306290 -0.951687
vn -0.012941 0.181148 -0.983371
vn -0.280430 -0.218110 -0.934766
vn 0.355264 -0.573891 -0.737859
vn -0.266679 -0.304777 -0.914326
vn 0.296333 -0.211665 -0.931335
vn 0.276288 -0.303919 -0.911755
vn -0.276291 -0.303919 -0.911755
vn 0.116247 -0.929981 -0.348744
vn -0.116249 -0.929981 -0.348741
vn 0.381000 -0.254000 -0.889001
vn -0.320714 -0.267262 -0.908688
vn 0.439231 -0.038195 -0.897562
vn -0.439234 -0.038193 -0.897561
vn 0.221580 0.569780 -0.791362
vn -0.053241 0.359363 -0.931678
vn 0.082759 0.662085 -0.744846
vn -0.082761 0.662084 -0.744846
vn -0.366678 0.516065 -0.774095
vn 0.366676 0.516066 -0.774096
vn -0.498785 0.529958 -0.685826
vn 0.498783 0.529958 -0.685828
vn -0.601446 -0.240577 -0.761830
vn 0.738199 -0.461375 -0.492134
vn -0.829186 -0.082919 -0.552788
vn 0.806063 -0.065356 -0.588210
vn -0.779988 0.118180 -0.614534
vn 0.790345 0.112906 -0.602169
vn 0.694716 0.709497 0.118249
vn -0.404310 0.855017 0.324775
vn 0.855187 0.366508 0.366507
vn -0.846507 0.372757 0.380103
vn 0.267243 0.849692 0.454539
vn -0.267241 0.849692 0.454539
vn -0.596284 0.745356 0.298143
vn 0.596285 0.745356 0.298142
vn -0.383925 0.874593 0.296122
vn 0.383926 0.874593 0.296122
vn -0.278943 0.918076 0.281652
vn 0.285869 0.911603 0.295397
vn -0.793636 0.212660 0.570016
vn 0.793638 0.212659 0.570014
vn -0.452713 -0.728585 0.514018
vn 0.595505 -0.712308 0.371472
vn -0.440781 -0.819481 0.366284
vn 0.249042 -0.774794 0.581096
vn -0.043138 -0.413418 0.909519
vn 0.043140 -0.413418 0.909519
vn -0.318352 -0.094327 0.943268
vn 0.318354 -0.094327 0.943267
vn -0.309501 -0.535676 0.785659
vn 0.309503 -0.535676 0.785658
vn -0.058475 -0.977375 0.203272
vn 0.177679 -0.981909 0.065461
vn -0.101592 -0.965123 0.241281
vn 0.134051 -0.968141 0.211501
vn -0.608215 -0.331400 0.721283
vn 0.980180 0.192192 -0.048049
vn -0.920776 0.146009 0.361735
vn 0.944069 0.184939 0.273004
vn -0.087929 0.053124 0.994709
vn 0.247476 -0.016921 0.968746
vn 0.209313 -0.114950 0.971069
vn -0.209311 -0.114950 0.971069
vn -0.204115 0.123707 0.971099
vn 0.204118 0.123707 0.971099
vn -0.920407 0.139456 0.365243
vn 0.918440 0.135786 0.371524
vn -0.931844 0.289436 0.218843
vn 0.931845 0.289437 0.218841
vn -0.913247 0.296188 0.279735
vn 0.913248 0.296188 0.279732
vn -0.882456 0.455774 0.116369
vn 0.882456 0.455774 0.116367
vn -0.279448 -0.931493 0.232874
vn 0.279448 -0.931493 0.232873
vn -0.367654 -0.477093 0.798256
vn 0.367656 -0.477094 0.798255
vn -0.290627 -0.841642 0.455164
vn 0.290629 -0.841642 0.455163
vn -0.265974 -0.954013 0.138263
vn 0.303090 -0.946422 0.111458
vn -0.284208 -0.930136 0.232534
vn 0.348743 -0.929981 0.116248
vn -0.690269 -0.721849 -0.049626
vn 0.690269 -0.721849 -0.049628
vn -0.691649 -0.722163 -0.010170
vn 0.861520 -0.337915 -0.378941
vn -0.256741 -0.180715 0.949435
vn 0.256744 -0.180715 0.949434
vn -0.129094 0.960558 -0.246297
vn 0.129093 0.960558 -0.246297
vn -0.120926 0.976388 0.179005
vn 0.137321 0.971291 0.194258
vn -0.300032 0.640864 0.706594
vn 0.387557 0.555474 0.735695
vn -0.352190 0.932651 0.078265
vn 0.565951 0.760497 0.318346
vn 0.094385 0.670139 -0.736210
vn 0.343166 0.696426 -0.630260
vn -0.625482 0.766875 -0.143788
vn 0.583767 0.791981 -0.178835
vn -0.690127 0.696659 0.195936
vn 0.715915 0.664472 0.214345
vn -0.716577 0.217341 0.662782
vn 0.716579 0.217341 0.662780
vn -0.714498 0.426452 0.554644
vn 0.058016 0.367429 0.928240
vn -0.675140 0.723364 0.144674
vn 0.595903 0.773063 0.217423
vn -0.738071 0.653580 -0.167584
vn 0.690541 0.710905 -0.133296
vn -0.776628 0.335766 -0.533020
vn 0.677194 0.482375 -0.555628
vn -0.434689 0.895385 0.096598
vn 0.434689 0.895385 0.096597
vn -0.299341 0.493283 -0.816742
vn 0.299339 0.493283 -0.816742
vn 0.181858 0.114502 0.976636
vn -0.181855 0.114502 0.976636
vn -0.041932 0.372966 -0.926897
vn 0.023299 0.968843 0.246579
vn 0.161571 0.184654 -0.969432
vn -0.161573 0.184654 -0.969431
vn -0.966017 -0.164293 -0.199548
vn 0.966016 -0.164293 -0.199551
vn -0.933361 0.235393 -0.270975
vn 0.945595 0.013329 -0.325073
vn -0.901926 0.379315 0.206517
vn 0.996980 0.075751 -0.017106
vn -0.995115 -0.093955 -0.030307
vn 0.995115 -0.093955 -0.030309
vn -0.662473 -0.749076 0.003702
vn 0.662474 -0.749076 0.003700
vn -0.372238 -0.924278 -0.084555
vn 0.372238 -0.924278 -0.084556
vn -0.548020 -0.773958 -0.317274
vn 0.387671 -0.903540 -0.182555
vn -0.499284 -0.851720 -0.159025
vn 0.848945 -0.221464 -0.479840
vn -0.732489 -0.636817 -0.240674
vn 0.732489 -0.636817 -0.240676
vn -0.263733 -0.449896 -0.853251
vn 0.263731 -0.449896 -0.853252
vn -0.538261 -0.284111 0.793446
vn 0.538263 -0.284111 0.793444
vn -0.431029 -0.297118 0.852018
vn 0.431032 -0.297118 0.852017
vn -0.456720 -0.777659 0.432034
vn 0.456721 -0.777659 0.432032
vn -0.744953 -0.620629 0.244672
vn 0.744954 -0.620629 0.244670
vn -0.497204 -0.440774 0.747333
vn 0.497206 -0.440774 0.747332
vn -0.259063 0.456442 -0.851203
vn 0.259061 0.456442 -0.851204
vn -0.410192 0.274828 -0.869604
vn 0.503291 0.047932 -0.862787
vn -0.415281 0.123700 -0.901244
vn 0.415278 0.123700 -0.901245
vn -0.196563 -0.050961 -0.979166
vn 0.196560 -0.050960 -0.979167
vn -0.372047 0.212598 -0.903539
vn 0.372045 0.212598 -0.903540
vn -0.613245 -0.208998 -0.761742
vn 0.624650 -0.412141 -0.663289
vn -0.407491 0.750640 -0.520086
vn 0.407490 0.750641 -0.520087
vn 0.264197 0.830336 -0.490654
vn -0.269338 0.831434 -0.485979
vn 0.863868 0.259160 -0.431935
vn -0.863869 0.259160 -0.431933
vn 0.528031 -0.356779 -0.770644
vn -0.528034 -0.356779 -0.770642
vn -0.415650 -0.619625 -0.665808
vn 0.415648 -0.619625 -0.665809
vn -0.688358 -0.473246 -0.549729
vn 0.714339 -0.416698 -0.562213
vn -0.622061 -0.774465 0.115082
vn 0.622061 -0.774465 0.115081
vn 0.184949 0.249467 -0.950558
vn -0.184951 0.249467 -0.950557
vn -0.887035 -0.383852 0.256566
vn 0.914238 -0.366421 0.172930
vn -0.371136 0.037114 -0.927837
vn -0.120387 0.240772 -0.963087
vn -0.137794 0.803793 -0.578731
vn 0.023354 0.994904 -0.098089
vn -0.580248 0.197531 -0.790123
vn 0.580246 0.197530 -0.790124
vn -0.102195 0.817553 -0.566713
vn 0.580198 0.193400 -0.791181
vn -0.749675 -0.270716 -0.603904
vn 0.749674 -0.270716 -0.603906
vn -0.689502 -0.376092 -0.618984
vn 0.689501 -0.376092 -0.618986
vn -0.466761 -0.432937 -0.771168
vn 0.466759 -0.432937 -0.771169
vn -0.877870 -0.478839 -0.007600
vn 0.877870 -0.478838 -0.007602
vn -0.912871 -0.365149 0.182575
vn 0.912871 -0.365148 0.182573
vn -0.997202 -0.018131 0.072525
vn 0.997202 -0.018132 0.072523
vn -0.772350 -0.573033 -0.274059
vn 0.676753 -0.728811 -0.104117
vn -0.775715 -0.617699 -0.129285
vn 0.775715 -0.617698 -0.129286
vn -0.702247 -0.702247 -0.117040
vn 0.702247 -0.702247 -0.117042
vn -0.122756 0.982049 0.143216
vn 0.122756 0.982049 0.143215
vn -0.937042 0.312348 -0.156173
vn 0.937042 0.312347 -0.156176
vn 0.624695 -0.780869 -0.000001
vn -0.110432 0.993884 0.000000
vn -0.109335 0.984015 -0.140573
vn -0.661829 -0.649341 -0.374619
vn 0.586647 -0.752681 -0.298859
vn -0.296806 -0.871866 -0.389557
vn 0.252879 -0.908786 -0.331904
vn 0.827111 -0.448434 0.338814
vn -0.822210 -0.562565 0.086551
vn 0.847428 0.254228 0.466083
vn -0.847427 0.254228 0.466086
vn 0.635054 0.589692 0.498969
vn -0.635052 0.589692 0.498971
vn 0.172328 0.984732 0.024618
vn -0.172328 0.984732 0.024619
vn -0.149021 0.055882 -0.987254
vn 0.149018 0.055882 -0.987254
vn -0.312349 0.156174 -0.937042
vn 0.312346 0.156174 -0.937043
vn -0.382992 0.011265 -0.923683
vn 0.236805 0.035521 -0.970908
vn -0.155870 -0.034637 -0.987170
vn 0.155868 -0.034637 -0.987170
vn -0.328722 0.595806 -0.732773
vn 0.308263 -0.181332 -0.933859
vn -0.400810 -0.007157 -0.916133
vn 0.400807 -0.007157 -0.916134
vn -0.082886 -0.062164 -0.994618
vn 0.082884 -0.062164 -0.994618
vn -0.041066 0.164260 -0.985562
vn 0.071066 -0.071067 -0.994937
vn 0.487048 0.608811 -0.626206
vn -0.298143 0.745356 -0.596284
vn -0.557087 -0.148556 -0.817059
vn 0.557085 -0.148556 -0.817060
vn -0.452597 -0.177558 -0.873859
vn 0.452595 -0.177557 -0.873860
vn -0.411055 -0.845597 -0.340587
vn 0.411054 -0.845597 -0.340588
vn -0.525069 0.302312 -0.795557
vn 0.525057 0.196896 -0.827977
vn -0.297965 0.580246 -0.757979
vn 0.297963 0.580246 -0.757979
vn -0.073694 -0.992789 0.094551
vn 0.110453 -0.991568 0.067778
vn -0.585489 -0.790410 -0.180150
vn 0.446085 -0.890959 0.084853
vn -0.924652 -0.253129 -0.284508
vn 0.924651 -0.253129 -0.284510
vn -0.847951 0.529969 -0.010598
vn 0.847951 0.529969 -0.010600
vn 0.298427 0.899733 0.318469
vn -0.298426 0.899733 0.318470
vn 0.542987 0.818859 0.186104
vn -0.542987 0.818859 0.186105
vn 0.548229 -0.003883 0.836319
vn -0.548227 -0.003883 0.836321
vn 0.266748 0.006422 0.963745
vn -0.113642 -0.054588 0.992021
vn -0.404623 0.026581 0.914097
vn 0.404626 0.026581 0.914096
vn 0.748378 0.662720 0.027049
vn -0.748378 0.662721 0.027051
vn -0.684353 -0.171088 0.708795
vn 0.684355 -0.171088 0.708793
vn -0.007891 -0.915403 0.402462
vn -0.570200 -0.814571 0.106521
vn -0.666011 -0.204926 -0.717241
vn 0.663035 -0.192883 -0.723313
vn -0.830102 -0.307090 -0.465432
vn 0.828519 -0.299015 -0.473441
vn -0.408093 -0.803818 -0.432825
vn 0.425061 -0.779280 -0.460484
vn -0.371367 -0.486618 -0.790753
vn 0.338486 -0.548583 -0.764515
vn 0.099182 -0.547220 -0.831091
vn -0.039278 -0.523693 -0.851001
vn 0.258889 -0.838801 -0.478945
vn -0.283710 -0.844293 -0.454619
vn 0.774250 -0.344719 -0.530759
vn -0.774251 -0.344719 -0.530757
vn 0.470595 -0.198146 -0.859813
vn -0.470598 -0.198146 -0.859811
vn 0.482282 0.203067 -0.852155
vn -0.467209 0.169894 -0.867670
vn 0.764039 0.327842 -0.555666
vn -0.764040 0.327842 -0.555664
vn 0.241291 0.814358 -0.527825
vn -0.241292 0.814358 -0.527825
vn 0.115469 0.577350 -0.808290
vn -0.115471 0.577350 -0.808290
vn -0.378345 0.513467 -0.770199
vn 0.378343 0.513466 -0.770201
vn -0.406931 0.777955 -0.478741
vn 0.406930 0.777955 -0.478742
vn -0.827166 0.292479 -0.479846
vn 0.827165 0.292478 -0.479848
vn -0.674820 0.209653 -0.707576
vn 0.674818 0.209653 -0.707578
vn -0.847997 0.317999 0.424001
vn 0.847998 0.318000 0.423999
vn -0.214295 0.826573 0.520437
vn 0.214298 0.826574 0.520434
vn 0.432042 0.750388 0.500258
vn -0.432041 0.750388 0.500259
vn 0.846181 0.352575 0.399585
vn -0.846180 0.352575 0.399587
vn 0.832846 -0.378566 0.403802
vn -0.789473 -0.315789 0.526317
vn 0.432042 -0.750388 0.500258
vn -0.408248 -0.816497 0.408249
vn -0.214296 -0.826573 0.520436
vn 0.197727 -0.815623 0.543749
vn -0.839963 -0.343622 0.419984
vn 0.752218 -0.356313 0.554264
vn -0.141434 -0.839474 -0.524671
vn 0.141433 -0.839474 -0.524672
vn -0.233571 -0.850198 -0.471813
vn 0.233570 -0.850198 -0.471813
vn -0.623036 -0.426287 -0.655825
vn 0.548630 -0.488779 -0.678307
vn -0.789794 -0.017320 -0.613128
vn 0.756146 -0.069645 -0.650686
vn -0.752772 0.054417 -0.656029
vn 0.801465 0.121434 -0.585584
vn -0.435895 -0.688253 -0.579917
vn 0.229853 -0.896039 -0.379843
vn -0.442082 -0.684793 -0.579329
vn 0.442081 -0.684793 -0.579330
vn -0.689837 -0.414590 -0.593499
vn 0.689085 -0.423923 -0.587751
vn -0.766753 -0.256891 -0.588300
vn 0.766752 -0.256891 -0.588302
vn -0.573766 -0.440073 -0.690745
vn 0.573764 -0.440073 -0.690747
vn -0.505129 0.650646 -0.567014
vn 0.505128 0.650645 -0.567016
vn -0.581008 0.510582 -0.633825
vn 0.630432 0.520792 -0.575613
vn 0.032790 0.655826 -0.754200
vn -0.032793 0.655826 -0.754200
vn 0.655168 0.326496 -0.681289
vn -0.655170 0.326496 -0.681288
vn 0.567734 0.555907 -0.607162
vn -0.567736 0.555907 -0.607160
vn -0.648352 -0.378710 -0.660468
vn 0.648350 -0.378710 -0.660470
vn -0.222423 -0.467656 -0.855468
vn 0.218050 -0.470992 -0.854763
vn -0.009909 -0.495403 -0.868607
vn 0.009906 -0.495403 -0.868607
vn -0.046214 -0.582801 -0.811300
vn 0.046212 -0.582801 -0.811300
vn 0.426250 -0.377537 -0.822056
vn -0.426253 -0.377537 -0.822055
vn 0.086091 0.012299 -0.996211
vn -0.086093 0.012299 -0.996211
vn -0.437364 -0.306154 -0.845567
vn 0.437361 -0.306154 -0.845568
vn -0.322278 -0.276238 -0.905444
vn 0.357887 -0.306761 -0.881938
vn -0.481545 -0.240772 -0.842700
vn 0.306945 0.211293 -0.927976
vn 0.292158 0.282884 -0.913576
vn 0.386905 0.171414 -0.906047
vn -0.334644 -0.185508 -0.923905
vn 0.334642 -0.185508 -0.923906
vn -0.054743 -0.361903 -0.930607
vn 0.386341 -0.044578 -0.921278
vn -0.057132 -0.231242 -0.971217
vn 0.057129 -0.231242 -0.971217
vn -0.097667 -0.647681 -0.755626
vn 0.020355 -0.783677 -0.620835
vn -0.147044 -0.661693 -0.735214
vn 0.207389 -0.518476 -0.829562
vn -0.175468 -0.363467 -0.914933
vn 0.175465 -0.363467 -0.914934
vn -0.332049 -0.007298 -0.943234
vn 0.281887 -0.044419 -0.958419
vn -0.313972 -0.145772 -0.938175
vn 0.359531 -0.089885 -0.928794
vn -0.000001 0.049938 -0.998752
vn -0.000002 0.049938 -0.998752
vn 0.004433 -0.066518 -0.997775
vn -0.004436 -0.066518 -0.997775
vn -0.000001 -0.000000 -1.000000
vn -0.744073 -0.658218 -0.114472
vn 0.847338 -0.511933 0.141222
vn -0.949990 0.269164 0.158333
vn 0.949991 0.269164 0.158330
vn -0.070859 0.921175 0.382642
vn 0.070860 0.921175 0.382642
vn 0.722992 0.097701 -0.683913
vn -0.722993 0.097701 -0.683912
vn -0.440226 -0.880451 -0.176090
vn 0.440225 -0.880451 -0.176091
vn -0.287349 -0.574696 -0.766261
vn 0.287346 -0.574696 -0.766262
vn 0.520718 0.615395 -0.591728
vn -0.781404 0.558146 -0.279073
vn -0.127000 0.762002 -0.634999
vn 0.089712 0.807410 -0.583130
vn -0.766262 0.287348 -0.574694
vn 0.766260 0.287348 -0.574697
vn 0.604550 -0.654930 -0.453415
vn -0.040390 0.242338 -0.969351
vn 0.040388 0.242337 -0.969351
vn -0.428572 -0.857143 -0.285714
vn -0.056294 -0.262700 -0.963234
vn 0.781795 -0.366157 -0.504704
vn 0.006387 0.083044 -0.996525
vn -0.581915 -0.363697 -0.727392
vn -0.872872 -0.218218 -0.436435
vn -0.729422 0.162094 -0.664582
vn 0.729420 0.162094 -0.664584
vn -0.332823 0.078311 -0.939732
vn 0.332820 0.078311 -0.939733
vn -0.791555 0.186248 -0.582024
vn 0.791554 0.186248 -0.582026
vn -0.877267 0.194948 -0.438632
vn 0.877266 0.194948 -0.438634
vn -0.910179 -0.044591 -0.411809
vn 0.893156 0.430173 -0.131240
vn -0.033617 -0.336149 -0.941209
vn 0.033614 -0.336147 -0.941209
vn 0.192452 -0.192450 -0.962250
vn -0.135320 -0.202979 -0.969788
vn 0.188144 -0.282215 -0.940721
vn -0.356916 0.107075 -0.927979
vn 0.065512 0.393070 -0.917172
vn -0.124036 -0.000000 -0.992278
vn 0.158235 0.949410 -0.271260
vn 0.646159 0.758534 -0.084283
vn -0.739600 0.647150 -0.184899
vn -0.052633 -0.315790 -0.947368
vn 0.015960 -0.287311 -0.957704
vn 0.598985 -0.245040 -0.762346
vn -0.448144 -0.293016 -0.844576
vn 0.521443 0.052144 -0.851691
vn -0.286865 -0.103271 -0.952388
vn 0.123881 0.049553 -0.991059
vn -0.123885 0.049553 -0.991059
vn 0.548820 -0.329293 -0.768350
vn -0.548823 -0.329294 -0.768349
vn -0.265484 -0.829636 -0.491144
vn -0.397221 -0.635552 -0.662034
vn 0.418604 -0.581396 -0.697675
vn -0.516785 -0.214514 -0.828804
vn 0.591413 -0.511493 -0.623383
vn -0.588228 -0.115717 -0.800373
vn 0.544022 -0.077718 -0.835464
vn -0.567153 0.110663 -0.816144
vn 0.567150 0.110663 -0.816146
vn -0.528095 0.215149 -0.821478
vn 0.528093 0.215150 -0.821480
vn 0.061284 0.306425 -0.949920
vn 0.406302 0.715093 -0.568824
vn -0.177193 0.389823 -0.903682
vn 0.152409 0.335303 -0.929701
vn 0.012938 0.181148 -0.983371
vn -0.021879 0.306290 -0.951687
vn -0.355266 -0.573890 -0.737859
vn 0.280428 -0.218111 -0.934766
vn -0.296336 -0.211664 -0.931334
vn 0.266677 -0.304776 -0.914327
vn 0.182574 -0.912871 -0.365149
vn -0.182574 -0.912872 -0.365146
vn -0.045478 -0.750388 -0.659431
vn 0.045477 -0.750388 -0.659432
vn 0.320712 -0.267261 -0.908689
vn -0.381002 -0.254001 -0.889000
vn 0.230389 0.025599 -0.972762
vn -0.230394 0.025599 -0.972761
vn 0.053237 0.359361 -0.931679
vn -0.221581 0.569779 -0.791362
vn -0.025206 0.554525 -0.831785
vn 0.025203 0.554525 -0.831785
vn -0.350178 0.654680 -0.669903
vn 0.350176 0.654679 -0.669904
vn -0.738200 -0.461375 -0.492131
vn 0.601444 -0.240578 -0.761831
vn -0.806065 -0.065356 -0.588208
vn 0.829184 -0.082918 -0.552791
vn -0.790347 0.112906 -0.602166
vn 0.779986 0.118180 -0.614537
vn 0.404311 0.855017 0.324774
vn -0.694716 0.709497 0.118251
vn 0.846508 0.372757 0.380101
vn -0.855186 0.366508 0.366509
vn 0.215622 0.888360 0.405368
vn -0.215621 0.888360 0.405368
vn -0.587870 0.747789 0.308576
vn 0.587871 0.747789 0.308575
vn -0.350237 0.876606 0.329993
vn 0.350238 0.876606 0.329992
vn -0.285868 0.911603 0.295398
vn 0.278944 0.918076 0.281651
vn -0.898143 0.067270 0.434528
vn 0.898144 0.067270 0.434526
vn -0.595504 -0.712308 0.371473
vn 0.452714 -0.728585 0.514017
vn -0.249040 -0.774794 0.581096
vn 0.440782 -0.819481 0.366283
vn -0.368294 -0.677997 0.636145
vn 0.368295 -0.677996 0.636144
vn -0.171778 -0.022904 0.984869
vn 0.171781 -0.022904 0.984869
vn 0.065000 -0.357494 0.931651
vn -0.064998 -0.357494 0.931651
vn -0.177679 -0.981909 0.065461
vn 0.058476 -0.977375 0.203272
vn -0.134050 -0.968141 0.211502
vn 0.101592 -0.965123 0.241281
vn -0.980180 0.192192 -0.048047
vn 0.608217 -0.331400 0.721281
vn -0.944068 0.184939 0.273006
vn 0.920777 0.146009 0.361733
vn -0.247473 -0.016921 0.968747
vn 0.087931 0.053125 0.994709
vn -0.199156 -0.322167 0.925497
vn 0.199159 -0.322167 0.925497
vn -0.870302 -0.477813 0.119454
vn 0.870302 -0.477813 0.119452
vn -0.918439 0.135786 0.371526
vn 0.920408 0.139456 0.365240
vn -0.924627 0.346735 0.157608
vn 0.924627 0.346735 0.157606
vn -0.907919 0.373419 0.190371
vn 0.907920 0.373419 0.190369
vn -0.991801 0.123975 -0.030993
vn 0.991801 0.123975 -0.030995
vn -0.079744 -0.797452 0.598089
vn 0.079746 -0.797452 0.598089
vn -0.373116 -0.470405 0.799690
vn 0.373118 -0.470405 0.799689
vn -0.330883 -0.814402 0.476724
vn 0.330884 -0.814402 0.476723
vn -0.303089 -0.946422 0.111459
vn 0.265974 -0.954013 0.138262
vn -0.348743 -0.929981 0.116248
vn 0.284209 -0.930136 0.232534
vn -0.956961 0.257365 0.134121
vn 0.956962 0.257365 0.134118
vn -0.861521 -0.337915 -0.378938
vn 0.691649 -0.722163 -0.010172
vn -0.436825 -0.042787 0.898529
vn 0.436827 -0.042787 0.898527
vn -0.112860 0.967467 -0.226428
vn 0.112859 0.967467 -0.226429
vn -0.137320 0.971291 0.194259
vn 0.120926 0.976388 0.179004
vn -0.387555 0.555474 0.735696
vn 0.300034 0.640864 0.706593
vn -0.565950 0.760497 0.318348
vn 0.352190 0.932651 0.078264
vn -0.343167 0.696426 -0.630260
vn -0.094387 0.670139 -0.736209
vn -0.583767 0.791981 -0.178834
vn 0.625482 0.766875 -0.143790
vn -0.715914 0.664472 0.214347
vn 0.690128 0.696659 0.195935
vn -0.590456 0.174525 0.787974
vn 0.590458 0.174525 0.787972
vn -0.058014 0.367429 0.928241
vn 0.714500 0.426452 0.554642
vn -0.595902 0.773063 0.217425
vn 0.675140 0.723364 0.144672
vn -0.690541 0.710905 -0.133294
vn 0.738071 0.653580 -0.167586
vn -0.677196 0.482375 -0.555626
vn 0.776626 0.335766 -0.533022
vn -0.158041 0.950572 0.267276
vn 0.158042 0.950572 0.267275
vn -0.156988 0.642722 -0.749842
vn 0.156986 0.642722 -0.749843
vn 0.168136 0.100505 0.980627
vn -0.168133 0.100505 0.980627
vn -0.023299 0.968843 0.246579
vn 0.041930 0.372966 -0.926897
vn -0.498048 0.820648 0.280153
vn 0.498049 0.820648 0.280151
vn -0.945596 0.013329 -0.325070
vn 0.933360 0.235393 -0.270977
vn -0.996980 0.075751 -0.017104
vn 0.901927 0.379315 0.206515
vn -0.961699 0.146796 0.231487
vn 0.961700 0.146795 0.231484
vn -0.746041 -0.659560 -0.091669
vn 0.746041 -0.659560 -0.091671
vn -0.371878 -0.924382 -0.085000
vn 0.371878 -0.924382 -0.085001
vn -0.387671 -0.903540 -0.182554
vn 0.548020 -0.773958 -0.317275
vn -0.848946 -0.221464 -0.479838
vn 0.499284 -0.851720 -0.159026
vn -0.570581 -0.344302 0.745583
vn 0.570583 -0.344302 0.745581
vn -0.562891 -0.263732 0.783326
vn 0.562893 -0.263732 0.783324
vn -0.105937 -0.916539 0.385661
vn 0.105938 -0.916539 0.385660
vn -0.697613 -0.647014 0.307747
vn 0.697614 -0.647014 0.307746
vn -0.480812 0.254547 -0.839062
vn 0.480810 0.254547 -0.839063
vn -0.503293 0.047933 -0.862785
vn 0.410190 0.274828 -0.869605
vn -0.145939 0.091211 -0.985080
vn 0.145936 0.091211 -0.985080
vn -0.283453 -0.103074 -0.953431
vn 0.283451 -0.103074 -0.953431
vn -0.505827 -0.246745 -0.826593
vn 0.505825 -0.246744 -0.826594
vn -0.624651 -0.412140 -0.663288
vn 0.613243 -0.208998 -0.761743
vn -0.484319 0.558018 -0.673833
vn 0.484317 0.558019 -0.673834
vn 0.269337 0.831434 -0.485979
vn -0.264199 0.830337 -0.490653
vn 0.800022 0.207413 -0.562979
vn -0.800023 0.207413 -0.562977
vn 0.522495 -0.356527 -0.774524
vn -0.522497 -0.356527 -0.774523
vn -0.486191 -0.519041 -0.703004
vn 0.486189 -0.519041 -0.703005
vn -0.714340 -0.416698 -0.562211
vn 0.688356 -0.473246 -0.549731
vn -0.996972 -0.037764 0.067977
vn 0.996972 -0.037766 0.067974
vn 0.197103 0.314030 -0.928728
vn -0.197105 0.314030 -0.928728
vn -0.914237 -0.366421 0.172932
vn 0.887036 -0.383852 0.256563
vn 0.120385 0.240772 -0.963087
vn 0.371134 0.037113 -0.927838
vn -0.023355 0.994904 -0.098089
vn 0.137792 0.803793 -0.578731
vn -0.606789 -0.606788 -0.513435
vn 0.606787 -0.606788 -0.513436
vn -0.580200 0.193400 -0.791179
vn 0.102194 0.817553 -0.566713
vn -0.701334 -0.701334 0.127516
vn 0.701335 -0.701334 0.127514
vn -0.457984 -0.441913 -0.771339
vn 0.457982 -0.441913 -0.771340
vn -0.715513 -0.415458 -0.561637
vn 0.715510 -0.415458 -0.561639
vn -0.827146 0.532322 0.180172
vn 0.827147 0.532322 0.180170
vn -0.900500 -0.433574 0.033354
vn 0.900501 -0.433574 0.033351
vn -0.676753 -0.728811 -0.104115
vn 0.772349 -0.573034 -0.274060
vn -0.797078 -0.597808 -0.085400
vn 0.797077 -0.597808 -0.085402
vn -0.242338 0.969351 -0.040390
vn 0.242338 0.969351 -0.040390
vn -0.931907 0.349466 -0.097072
vn 0.931907 0.349465 -0.097076
vn -0.624695 -0.780869 0.000001
vn 0.702246 -0.702247 -0.117043
vn 0.109335 0.984015 -0.140574
vn 0.110431 0.993884 -0.000000
vn -0.586648 -0.752681 -0.298858
vn 0.661828 -0.649341 -0.374620
vn -0.252880 -0.908786 -0.331904
vn 0.296805 -0.871867 -0.389558
vn 0.822210 -0.562565 0.086548
vn -0.827110 -0.448433 0.338817
vn 0.816912 0.218382 0.533821
vn -0.816909 0.218382 0.533824
vn 0.483417 0.872662 0.069058
vn -0.483417 0.872662 0.069061
vn -0.040373 0.989142 -0.141306
vn 0.040373 0.989142 -0.141306
vn -0.137517 -0.027503 -0.990117
vn 0.137515 -0.027503 -0.990118
vn -0.339984 -0.029999 -0.939952
vn 0.339982 -0.029999 -0.939953
vn -0.236807 0.035521 -0.970907
vn 0.382990 0.011265 -0.923684
vn -0.180461 0.067672 -0.981251
vn 0.180459 0.067672 -0.981252
vn -0.308265 -0.181332 -0.933858
vn 0.328720 0.595807 -0.732774
vn -0.399965 -0.065300 -0.914201
vn 0.399962 -0.065300 -0.914202
vn -0.361834 -0.058152 -0.930427
vn 0.361831 -0.058152 -0.930428
vn -0.071068 -0.071067 -0.994937
vn 0.041064 0.164260 -0.985562
vn 0.298142 0.745356 -0.596285
vn -0.487049 0.608811 -0.626205
vn -0.669313 0.180199 -0.720797
vn 0.669311 0.180199 -0.720799
vn -0.443739 -0.214293 -0.870158
vn 0.443736 -0.214293 -0.870159
vn -0.493214 -0.104785 -0.863574
vn 0.493212 -0.104785 -0.863575
vn -0.525060 0.196897 -0.827976
vn 0.525067 0.302312 -0.795558
vn -0.110453 -0.991568 0.067778
vn 0.073694 -0.992789 0.094551
vn -0.446085 -0.890959 0.084854
vn 0.585489 -0.790410 -0.180151
vn -0.934096 -0.244495 -0.260166
vn 0.934096 -0.244495 -0.260168
vn -0.832821 0.549400 0.067586
vn 0.832821 0.549400 0.067584
vn 0.191998 0.956991 0.217498
vn -0.191998 0.956991 0.217498
vn 0.355407 0.931910 0.072321
vn -0.355407 0.931910 0.072321
vn 0.521509 -0.019655 0.853019
vn -0.521507 -0.019655 0.853021
vn 0.113645 -0.054588 0.992021
vn -0.266745 0.006422 0.963746
vn 0.821852 0.563466 -0.084054
vn -0.821852 0.563466 -0.084052
vn -0.419981 -0.229081 0.878145
vn 0.419983 -0.229081 0.878144
vn 0.570200 -0.814571 0.106520
vn 0.007892 -0.915403 0.402462
s off
f 47//1 1//1 45//1
f 4//2 2//2 46//2
f 45//3 3//3 43//3
f 6//4 4//4 44//4
f 3//5 9//5 5//5
f 8//6 10//6 6//6
f 1//7 11//7 3//7
f 10//8 12//8 4//8
f 11//9 13//9 9//9
f 16//10 14//10 10//10
f 9//11 15//11 7//11
f 18//12 16//12 8//12
f 15//13 21//13 19//13
f 20//14 22//14 16//14
f 13//15 23//15 21//15
f 22//16 24//16 14//16
f 23//17 25//17 21//17
f 28//18 26//18 22//18
f 21//19 27//19 29//19
f 30//20 28//20 22//20
f 27//21 33//21 31//21
f 32//22 34//22 28//22
f 25//23 35//23 33//23
f 34//24 36//24 26//24
f 35//25 37//25 39//25
f 40//26 38//26 36//26
f 33//27 39//27 41//27
f 42//28 40//28 34//28
f 39//29 45//29 43//29
f 44//30 46//30 40//30
f 37//31 47//31 45//31
f 46//32 48//32 38//32
f 47//33 37//33 51//33
f 52//34 38//34 48//34
f 37//35 35//35 53//35
f 54//36 36//36 38//36
f 35//37 25//37 55//37
f 56//38 26//38 36//38
f 25//39 23//39 57//39
f 58//40 24//40 26//40
f 23//41 13//41 57//41
f 60//42 14//42 58//42
f 13//43 11//43 59//43
f 64//44 12//44 60//44
f 11//45 1//45 63//45
f 66//46 2//46 64//46
f 1//47 47//47 65//47
f 50//48 48//48 66//48
f 61//49 65//49 49//49
f 50//50 66//50 62//50
f 63//51 65//51 61//51
f 62//52 66//52 64//52
f 61//53 59//53 63//53
f 64//54 60//54 62//54
f 61//55 57//55 59//55
f 60//56 58//56 62//56
f 61//57 55//57 57//57
f 58//58 56//58 62//58
f 61//59 53//59 55//59
f 56//60 54//60 62//60
f 61//61 51//61 53//61
f 54//62 52//62 62//62
f 61//63 49//63 51//63
f 52//64 50//64 62//64
f 89//65 174//65 176//65
f 176//66 175//66 90//66
f 87//67 172//67 174//67
f 175//68 173//68 88//68
f 85//69 170//69 87//69
f 173//70 171//70 88//70
f 83//71 168//71 85//71
f 171//72 169//72 86//72
f 81//73 166//73 83//73
f 169//74 167//74 84//74
f 79//75 92//75 164//75
f 147//76 93//76 165//76
f 92//77 94//77 148//77
f 149//78 95//78 93//78
f 94//79 96//79 148//79
f 151//80 97//80 149//80
f 96//81 98//81 152//81
f 153//82 99//82 97//82
f 98//83 100//83 154//83
f 155//84 101//84 99//84
f 100//85 102//85 156//85
f 157//86 103//86 101//86
f 102//87 104//87 156//87
f 159//88 105//88 157//88
f 104//89 106//89 160//89
f 161//90 107//90 105//90
f 106//91 108//91 162//91
f 163//92 109//92 107//92
f 108//93 67//93 68//93
f 68//94 67//94 109//94
f 110//95 128//95 160//95
f 161//96 129//96 111//96
f 128//97 179//97 160//97
f 159//98 180//98 161//98
f 126//99 156//99 158//99
f 159//100 157//100 127//100
f 124//101 154//101 156//101
f 157//102 155//102 125//102
f 122//103 152//103 154//103
f 155//104 153//104 123//104
f 120//105 150//105 152//105
f 153//106 151//106 121//106
f 118//107 148//107 150//107
f 151//108 149//108 119//108
f 116//109 146//109 118//109
f 149//110 147//110 119//110
f 114//111 164//111 116//111
f 147//112 165//112 117//112
f 114//113 181//113 164//113
f 177//114 182//114 165//114
f 110//115 162//115 68//115
f 68//116 163//116 111//116
f 112//117 68//117 183//117
f 178//118 68//118 184//118
f 177//119 181//119 183//119
f 184//120 182//120 177//120
f 135//121 137//121 174//121
f 176//122 137//122 175//122
f 133//123 135//123 172//123
f 175//124 136//124 173//124
f 131//125 133//125 172//125
f 173//126 134//126 132//126
f 166//127 187//127 168//127
f 186//128 188//128 169//128
f 131//129 170//129 185//129
f 169//130 171//130 186//130
f 144//131 190//131 189//131
f 189//132 190//132 145//132
f 185//133 187//133 189//133
f 189//134 188//134 186//134
f 130//135 131//135 185//135
f 186//136 132//136 130//136
f 142//137 193//137 144//137
f 192//138 194//138 145//138
f 140//139 195//139 193//139
f 194//140 196//140 141//140
f 139//141 197//141 195//141
f 196//142 198//142 139//142
f 138//143 71//143 197//143
f 198//144 71//144 138//144
f 190//145 144//145 191//145
f 192//146 145//146 190//146
f 70//147 191//147 206//147
f 207//148 192//148 70//148
f 71//149 199//149 197//149
f 201//150 199//150 198//150
f 197//151 200//151 195//151
f 203//152 201//152 196//152
f 195//153 202//153 204//153
f 205//154 203//154 196//154
f 193//155 204//155 191//155
f 207//156 205//156 192//156
f 199//157 204//157 202//157
f 203//158 205//158 199//158
f 199//159 208//159 204//159
f 207//160 208//160 205//160
f 139//161 140//161 177//161
f 165//162 141//162 177//162
f 140//163 142//163 164//163
f 212//164 143//164 165//164
f 142//165 144//165 213//165
f 214//166 145//166 143//166
f 144//167 187//167 166//167
f 167//168 188//168 145//168
f 81//169 209//169 213//169
f 214//170 210//170 82//170
f 209//171 215//171 211//171
f 212//172 216//172 210//172
f 79//173 164//173 215//173
f 212//174 165//174 216//174
f 131//175 130//175 72//175
f 72//176 130//176 132//176
f 133//177 131//177 220//177
f 223//178 132//178 221//178
f 135//179 133//179 218//179
f 221//180 134//180 219//180
f 137//181 135//181 217//181
f 219//182 136//182 217//182
f 217//183 218//183 229//183
f 230//184 219//184 217//184
f 218//185 220//185 229//185
f 228//186 221//186 230//186
f 220//187 222//187 227//187
f 226//188 223//188 228//188
f 222//189 72//189 224//189
f 224//190 72//190 223//190
f 224//191 231//191 225//191
f 230//192 231//192 226//192
f 225//193 229//193 227//193
f 228//194 230//194 226//194
f 183//195 181//195 232//195
f 235//196 182//196 233//196
f 112//197 183//197 254//197
f 233//198 184//198 255//198
f 110//199 112//199 254//199
f 255//200 113//200 111//200
f 181//201 114//201 252//201
f 253//202 115//202 182//202
f 114//203 116//203 252//203
f 251//204 117//204 253//204
f 116//205 118//205 250//205
f 249//206 119//206 251//206
f 118//207 120//207 248//207
f 247//208 121//208 249//208
f 120//209 122//209 246//209
f 245//210 123//210 247//210
f 122//211 124//211 242//211
f 243//212 125//212 123//212
f 124//213 126//213 240//213
f 241//214 127//214 125//214
f 126//215 179//215 240//215
f 237//216 180//216 241//216
f 179//217 128//217 236//217
f 239//218 129//218 237//218
f 128//219 110//219 238//219
f 257//220 111//220 239//220
f 238//221 256//221 276//221
f 259//222 257//222 277//222
f 236//223 238//223 278//223
f 277//224 239//224 279//224
f 240//225 236//225 278//225
f 279//226 237//226 241//226
f 242//227 240//227 274//227
f 275//228 241//228 243//228
f 244//229 242//229 270//229
f 273//230 243//230 271//230
f 246//231 244//231 270//231
f 271//232 245//232 247//232
f 248//233 246//233 266//233
f 269//234 247//234 267//234
f 250//235 248//235 266//235
f 267//236 249//236 251//236
f 252//237 250//237 264//237
f 265//238 251//238 253//238
f 234//239 252//239 280//239
f 263//240 253//240 281//240
f 256//241 254//241 258//241
f 261//242 255//242 259//242
f 254//243 232//243 260//243
f 283//244 233//244 261//244
f 232//245 234//245 282//245
f 281//246 235//246 283//246
f 67//247 108//247 73//247
f 285//248 109//248 73//248
f 108//249 106//249 284//249
f 287//250 107//250 285//250
f 106//251 104//251 288//251
f 289//252 105//252 107//252
f 104//253 102//253 290//253
f 291//254 103//254 105//254
f 102//255 100//255 292//255
f 293//256 101//256 103//256
f 100//257 98//257 292//257
f 295//258 99//258 293//258
f 98//259 96//259 296//259
f 297//260 97//260 99//260
f 96//261 94//261 296//261
f 299//262 95//262 297//262
f 94//263 92//263 298//263
f 301//264 93//264 299//264
f 308//265 309//265 328//265
f 329//266 309//266 308//266
f 307//267 308//267 338//267
f 339//268 308//268 307//268
f 306//269 307//269 336//269
f 337//270 307//270 306//270
f 89//271 91//271 340//271
f 306//272 91//272 341//272
f 87//273 89//273 334//273
f 341//274 90//274 335//274
f 85//275 87//275 330//275
f 335//276 88//276 331//276
f 83//277 85//277 332//277
f 331//278 86//278 333//278
f 330//279 336//279 332//279
f 339//280 337//280 333//280
f 330//281 334//281 340//281
f 341//282 335//282 331//282
f 326//283 332//283 338//283
f 339//284 333//284 327//284
f 81//285 83//285 326//285
f 333//286 84//286 327//286
f 209//287 342//287 344//287
f 345//288 343//288 210//288
f 81//289 326//289 342//289
f 343//290 327//290 82//290
f 79//291 215//291 344//291
f 345//292 216//292 80//292
f 79//293 346//293 300//293
f 301//294 347//294 80//294
f 77//295 324//295 352//295
f 353//296 325//296 77//296
f 304//297 352//297 350//297
f 351//298 353//298 304//298
f 78//299 350//299 305//299
f 349//300 351//300 305//300
f 305//301 348//301 309//301
f 329//302 349//302 309//302
f 326//303 328//303 348//303
f 349//304 329//304 327//304
f 296//305 298//305 310//305
f 319//306 299//306 311//306
f 76//307 316//307 324//307
f 325//308 317//308 76//308
f 302//309 358//309 356//309
f 357//310 359//310 302//310
f 303//311 356//311 75//311
f 355//312 357//312 75//312
f 75//313 354//313 76//313
f 317//314 355//314 76//314
f 292//315 294//315 364//315
f 363//316 295//316 365//316
f 364//317 362//317 366//317
f 369//318 363//318 367//318
f 366//319 368//319 372//319
f 371//320 369//320 373//320
f 372//321 370//321 374//321
f 377//322 371//322 375//322
f 314//323 378//323 374//323
f 375//324 379//324 315//324
f 316//325 354//325 378//325
f 375//326 355//326 379//326
f 354//327 356//327 374//327
f 373//328 357//328 375//328
f 356//329 358//329 372//329
f 367//330 359//330 373//330
f 358//331 360//331 366//331
f 365//332 361//332 367//332
f 290//333 292//333 364//333
f 365//334 293//334 291//334
f 74//335 360//335 358//335
f 359//336 361//336 74//336
f 284//337 286//337 288//337
f 289//338 287//338 285//338
f 284//339 290//339 74//339
f 361//340 291//340 74//340
f 73//341 284//341 74//341
f 74//342 285//342 73//342
f 294//343 296//343 310//343
f 311//344 297//344 295//344
f 310//345 312//345 362//345
f 369//346 313//346 363//346
f 312//347 382//347 368//347
f 371//348 383//348 369//348
f 314//349 376//349 370//349
f 371//350 377//350 315//350
f 348//351 350//351 386//351
f 387//352 351//352 349//352
f 318//353 384//353 386//353
f 387//354 385//354 319//354
f 298//355 300//355 318//355
f 385//356 301//356 319//356
f 300//357 344//357 384//357
f 343//358 345//358 385//358
f 342//359 348//359 384//359
f 385//360 349//360 343//360
f 300//361 346//361 344//361
f 345//362 347//362 301//362
f 314//363 322//363 380//363
f 381//364 323//364 315//364
f 316//365 378//365 380//365
f 381//366 379//366 317//366
f 320//367 386//367 380//367
f 381//368 387//368 321//368
f 350//369 352//369 380//369
f 381//370 353//370 351//370
f 324//371 380//371 352//371
f 353//372 381//372 325//372
f 400//373 388//373 414//373
f 415//374 389//374 401//374
f 400//375 402//375 398//375
f 405//376 403//376 399//376
f 398//377 404//377 406//377
f 407//378 405//378 399//378
f 396//379 406//379 408//379
f 409//380 407//380 397//380
f 394//381 408//381 410//381
f 411//382 409//382 395//382
f 392//383 410//383 390//383
f 413//384 411//384 391//384
f 410//385 420//385 418//385
f 419//386 421//386 411//386
f 408//387 422//387 410//387
f 421//388 423//388 411//388
f 406//389 424//389 422//389
f 423//390 425//390 407//390
f 404//391 426//391 424//391
f 425//392 427//392 405//392
f 402//393 428//393 426//393
f 427//394 429//394 403//394
f 402//395 414//395 428//395
f 417//396 415//396 429//396
f 318//397 320//397 444//397
f 445//398 321//398 319//398
f 320//399 390//399 412//399
f 413//400 391//400 321//400
f 310//401 318//401 312//401
f 443//402 319//402 313//402
f 382//403 430//403 388//403
f 415//404 431//404 389//404
f 412//405 418//405 444//405
f 441//406 419//406 445//406
f 438//407 446//407 444//407
f 445//408 447//408 439//408
f 434//409 446//409 436//409
f 439//410 447//410 437//410
f 432//411 448//411 446//411
f 447//412 449//412 433//412
f 430//413 448//413 432//413
f 433//414 449//414 431//414
f 414//415 430//415 450//415
f 451//416 431//416 415//416
f 312//417 448//417 430//417
f 431//418 449//418 313//418
f 312//419 442//419 446//419
f 447//420 443//420 313//420
f 442//421 444//421 446//421
f 447//422 445//422 443//422
f 416//423 450//423 476//423
f 453//424 451//424 477//424
f 450//425 432//425 462//425
f 463//426 433//426 451//426
f 432//427 434//427 462//427
f 461//428 435//428 463//428
f 434//429 436//429 458//429
f 459//430 437//430 435//430
f 436//431 438//431 456//431
f 457//432 439//432 437//432
f 438//427 440//427 456//427
f 455//433 441//433 457//433
f 440//434 418//434 454//434
f 475//435 419//435 455//435
f 428//436 416//436 464//436
f 477//437 417//437 465//437
f 426//438 428//438 466//438
f 465//439 429//439 467//439
f 424//440 426//440 468//440
f 467//441 427//441 469//441
f 422//442 424//442 468//442
f 469//443 425//443 423//443
f 420//444 422//444 470//444
f 471//445 423//445 421//445
f 418//446 420//446 472//446
f 473//447 421//447 419//447
f 458//448 456//448 480//448
f 481//449 457//449 459//449
f 478//450 480//450 482//450
f 483//451 481//451 479//451
f 484//452 482//452 486//452
f 489//453 483//453 487//453
f 486//454 488//454 490//454
f 491//455 489//455 487//455
f 464//456 476//456 492//456
f 487//457 477//457 493//457
f 452//458 484//458 486//458
f 487//459 485//459 453//459
f 452//460 462//460 478//460
f 479//461 463//461 453//461
f 458//462 478//462 460//462
f 463//463 479//463 461//463
f 454//464 474//464 456//464
f 481//465 475//465 457//465
f 472//466 482//466 480//466
f 481//467 483//467 473//467
f 470//468 488//468 482//468
f 483//469 489//469 471//469
f 468//470 490//470 488//470
f 489//471 491//471 469//471
f 466//472 492//472 468//472
f 491//473 493//473 469//473
f 464//474 492//474 466//474
f 467//475 493//475 465//475
f 392//476 390//476 502//476
f 505//477 391//477 503//477
f 394//478 392//478 500//478
f 503//479 393//479 501//479
f 396//480 394//480 500//480
f 501//481 395//481 397//481
f 398//482 396//482 498//482
f 499//483 397//483 399//483
f 400//484 398//484 496//484
f 497//485 399//485 401//485
f 388//486 400//486 494//486
f 495//487 401//487 389//487
f 494//488 502//488 504//488
f 505//489 503//489 495//489
f 494//490 496//490 502//490
f 501//491 497//491 503//491
f 496//492 498//492 500//492
f 501//493 499//493 497//493
f 314//494 382//494 388//494
f 389//495 383//495 315//495
f 314//496 506//496 504//496
f 505//497 507//497 315//497
f 320//498 322//498 390//498
f 505//499 323//499 391//499
f 1//500 3//500 45//500
f 2//501 48//501 46//501
f 3//502 5//502 43//502
f 4//503 46//503 44//503
f 9//504 7//504 5//504
f 10//505 4//505 6//505
f 11//506 9//506 3//506
f 12//507 2//507 4//507
f 13//508 15//508 9//508
f 14//509 12//509 10//509
f 15//510 17//510 7//510
f 16//511 10//511 8//511
f 17//512 15//512 19//512
f 18//513 20//513 16//513
f 15//514 13//514 21//514
f 16//515 22//515 14//515
f 25//516 27//516 21//516
f 26//517 24//517 22//517
f 19//518 21//518 29//518
f 20//519 30//519 22//519
f 29//520 27//520 31//520
f 30//521 32//521 28//521
f 27//522 25//522 33//522
f 28//523 34//523 26//523
f 33//524 35//524 39//524
f 34//525 40//525 36//525
f 31//526 33//526 41//526
f 32//527 42//527 34//527
f 41//528 39//528 43//528
f 42//529 44//529 40//529
f 39//530 37//530 45//530
f 40//531 46//531 38//531
f 49//532 47//532 51//532
f 50//533 52//533 48//533
f 51//534 37//534 53//534
f 52//535 54//535 38//535
f 53//536 35//536 55//536
f 54//537 56//537 36//537
f 55//538 25//538 57//538
f 56//539 58//539 26//539
f 13//540 59//540 57//540
f 14//541 24//541 58//541
f 11//542 63//542 59//542
f 12//543 14//543 60//543
f 1//544 65//544 63//544
f 2//545 12//545 64//545
f 47//546 49//546 65//546
f 48//547 2//547 66//547
f 91//548 89//548 176//548
f 91//549 176//549 90//549
f 89//550 87//550 174//550
f 90//551 175//551 88//551
f 170//552 172//552 87//552
f 171//553 86//553 88//553
f 168//554 170//554 85//554
f 169//555 84//555 86//555
f 166//556 168//556 83//556
f 167//557 82//557 84//557
f 92//558 146//558 164//558
f 93//559 80//559 165//559
f 146//560 92//560 148//560
f 147//561 149//561 93//561
f 96//562 150//562 148//562
f 97//563 95//563 149//563
f 150//564 96//564 152//564
f 151//565 153//565 97//565
f 152//566 98//566 154//566
f 153//567 155//567 99//567
f 154//568 100//568 156//568
f 155//569 157//569 101//569
f 104//570 158//570 156//570
f 105//571 103//571 157//571
f 158//572 104//572 160//572
f 159//573 161//573 105//573
f 160//574 106//574 162//574
f 161//575 163//575 107//575
f 162//576 108//576 68//576
f 163//577 68//577 109//577
f 162//578 110//578 160//578
f 163//579 161//579 111//579
f 179//580 158//580 160//580
f 180//581 129//581 161//581
f 179//582 126//582 158//582
f 180//583 159//583 127//583
f 126//584 124//584 156//584
f 127//585 157//585 125//585
f 124//586 122//586 154//586
f 125//587 155//587 123//587
f 122//588 120//588 152//588
f 123//589 153//589 121//589
f 120//590 118//590 150//590
f 121//591 151//591 119//591
f 146//592 148//592 118//592
f 147//593 117//593 119//593
f 164//594 146//594 116//594
f 165//595 115//595 117//595
f 181//596 177//596 164//596
f 182//597 115//597 165//597
f 112//598 110//598 68//598
f 113//599 68//599 111//599
f 68//600 178//600 183//600
f 68//601 113//601 184//601
f 178//602 177//602 183//602
f 178//603 184//603 177//603
f 137//604 176//604 174//604
f 137//605 136//605 175//605
f 135//606 174//606 172//606
f 136//607 134//607 173//607
f 170//608 131//608 172//608
f 171//609 173//609 132//609
f 187//610 185//610 168//610
f 188//611 167//611 169//611
f 170//612 168//612 185//612
f 171//613 132//613 186//613
f 187//614 144//614 189//614
f 188//615 189//615 145//615
f 69//616 185//616 189//616
f 69//617 189//617 186//617
f 69//618 130//618 185//618
f 69//618 186//618 130//618
f 193//619 191//619 144//619
f 194//620 143//620 145//620
f 142//621 140//621 193//621
f 143//622 194//622 141//622
f 140//623 139//623 195//623
f 141//624 196//624 139//624
f 139//625 138//625 197//625
f 139//626 198//626 138//626
f 70//627 190//627 191//627
f 70//628 192//628 190//628
f 208//629 70//629 206//629
f 208//630 207//630 70//630
f 199//631 200//631 197//631
f 199//632 71//632 198//632
f 200//633 202//633 195//633
f 201//634 198//634 196//634
f 193//635 195//635 204//635
f 194//636 205//636 196//636
f 204//156 206//156 191//156
f 205//637 194//637 192//637
f 200//638 199//638 202//638
f 201//639 203//639 199//639
f 208//640 206//640 204//640
f 208//641 199//641 205//641
f 140//642 164//642 177//642
f 141//643 139//643 177//643
f 142//644 211//644 164//644
f 143//645 141//645 165//645
f 211//646 142//646 213//646
f 212//647 214//647 143//647
f 213//648 144//648 166//648
f 214//649 167//649 145//649
f 166//650 81//650 213//650
f 167//651 214//651 82//651
f 213//652 209//652 211//652
f 214//653 212//653 210//653
f 164//654 211//654 215//654
f 165//655 80//655 216//655
f 222//656 131//656 72//656
f 223//657 72//657 132//657
f 131//658 222//658 220//658
f 132//659 134//659 221//659
f 133//660 220//660 218//660
f 134//661 136//661 219//661
f 135//662 218//662 217//662
f 136//663 137//663 217//663
f 231//664 217//664 229//664
f 231//184 230//184 217//184
f 220//665 227//665 229//665
f 221//666 219//666 230//666
f 222//187 225//187 227//187
f 223//188 221//188 228//188
f 225//189 222//189 224//189
f 226//190 224//190 223//190
f 231//667 229//667 225//667
f 231//668 224//668 226//668
f 181//669 234//669 232//669
f 182//670 184//670 233//670
f 183//671 232//671 254//671
f 184//672 113//672 255//672
f 256//673 110//673 254//673
f 257//674 255//674 111//674
f 234//675 181//675 252//675
f 235//676 253//676 182//676
f 116//204 250//204 252//204
f 117//677 115//677 253//677
f 118//678 248//678 250//678
f 119//679 117//679 251//679
f 120//680 246//680 248//680
f 121//681 119//681 249//681
f 122//682 244//682 246//682
f 123//683 121//683 247//683
f 244//684 122//684 242//684
f 245//685 243//685 123//685
f 242//686 124//686 240//686
f 243//687 241//687 125//687
f 179//688 236//688 240//688
f 180//689 127//689 241//689
f 128//690 238//690 236//690
f 129//691 180//691 237//691
f 110//692 256//692 238//692
f 111//693 129//693 239//693
f 256//694 258//694 276//694
f 257//695 239//695 277//695
f 238//696 276//696 278//696
f 239//697 237//697 279//697
f 274//698 240//698 278//698
f 275//699 279//699 241//699
f 272//700 242//700 274//700
f 273//701 275//701 243//701
f 242//702 272//702 270//702
f 243//703 245//703 271//703
f 268//704 246//704 270//704
f 269//705 271//705 247//705
f 246//706 268//706 266//706
f 247//707 249//707 267//707
f 264//708 250//708 266//708
f 265//709 267//709 251//709
f 262//710 252//710 264//710
f 263//711 265//711 253//711
f 252//239 262//239 280//239
f 253//240 235//240 281//240
f 254//712 260//712 258//712
f 255//713 257//713 259//713
f 232//714 282//714 260//714
f 233//715 255//715 261//715
f 234//716 280//716 282//716
f 235//717 233//717 283//717
f 108//718 284//718 73//718
f 109//719 67//719 73//719
f 106//720 286//720 284//720
f 107//721 109//721 285//721
f 286//722 106//722 288//722
f 287//723 289//723 107//723
f 288//724 104//724 290//724
f 289//725 291//725 105//725
f 290//726 102//726 292//726
f 291//727 293//727 103//727
f 98//728 294//728 292//728
f 99//729 101//729 293//729
f 294//730 98//730 296//730
f 295//731 297//731 99//731
f 94//732 298//732 296//732
f 95//733 97//733 297//733
f 92//734 300//734 298//734
f 93//735 95//735 299//735
f 338//736 308//736 328//736
f 339//737 329//737 308//737
f 336//738 307//738 338//738
f 337//739 339//739 307//739
f 340//740 306//740 336//740
f 341//741 337//741 306//741
f 91//742 306//742 340//742
f 91//743 90//743 341//743
f 89//744 340//744 334//744
f 90//745 88//745 335//745
f 87//746 334//746 330//746
f 88//747 86//747 331//747
f 85//748 330//748 332//748
f 86//749 84//749 333//749
f 336//750 338//750 332//750
f 337//751 331//751 333//751
f 336//752 330//752 340//752
f 337//753 341//753 331//753
f 328//754 326//754 338//754
f 329//755 339//755 327//755
f 83//756 332//756 326//756
f 84//757 82//757 327//757
f 215//758 209//758 344//758
f 216//759 345//759 210//759
f 209//760 81//760 342//760
f 210//761 343//761 82//761
f 346//762 79//762 344//762
f 347//763 345//763 80//763
f 92//764 79//764 300//764
f 93//765 301//765 80//765
f 304//766 77//766 352//766
f 304//767 353//767 77//767
f 78//768 304//768 350//768
f 78//769 351//769 304//769
f 350//770 348//770 305//770
f 351//771 78//771 305//771
f 348//772 328//772 309//772
f 349//773 305//773 309//773
f 342//774 326//774 348//774
f 343//775 349//775 327//775
f 298//776 318//776 310//776
f 299//777 297//777 311//777
f 77//778 76//778 324//778
f 77//779 325//779 76//779
f 303//780 302//780 356//780
f 303//781 357//781 302//781
f 356//782 354//782 75//782
f 357//783 303//783 75//783
f 354//784 316//784 76//784
f 355//785 75//785 76//785
f 294//786 362//786 364//786
f 295//787 293//787 365//787
f 362//788 368//788 366//788
f 363//789 365//789 367//789
f 368//790 370//790 372//790
f 369//791 367//791 373//791
f 370//792 376//792 374//792
f 371//793 373//793 375//793
f 376//794 314//794 374//794
f 377//795 375//795 315//795
f 354//796 374//796 378//796
f 355//797 317//797 379//797
f 356//798 372//798 374//798
f 357//799 355//799 375//799
f 358//800 366//800 372//800
f 359//801 357//801 373//801
f 360//802 364//802 366//802
f 361//803 359//803 367//803
f 360//804 290//804 364//804
f 361//805 365//805 291//805
f 302//806 74//806 358//806
f 302//807 359//807 74//807
f 290//808 284//808 288//808
f 291//809 289//809 285//809
f 290//810 360//810 74//810
f 291//811 285//811 74//811
f 362//812 294//812 310//812
f 363//813 311//813 295//813
f 312//814 368//814 362//814
f 313//815 311//815 363//815
f 382//816 370//816 368//816
f 383//817 313//817 369//817
f 382//818 314//818 370//818
f 383//819 371//819 315//819
f 384//820 348//820 386//820
f 385//821 387//821 349//821
f 320//822 318//822 386//822
f 321//823 387//823 319//823
f 300//824 384//824 318//824
f 301//825 299//825 319//825
f 344//826 342//826 384//826
f 345//827 301//827 385//827
f 378//828 314//828 380//828
f 379//829 381//829 315//829
f 324//830 316//830 380//830
f 325//831 381//831 317//831
f 322//832 320//832 380//832
f 323//833 381//833 321//833
f 386//834 350//834 380//834
f 387//835 381//835 351//835
f 402//836 400//836 414//836
f 403//837 415//837 401//837
f 402//838 404//838 398//838
f 403//839 401//839 399//839
f 396//840 398//840 406//840
f 397//841 407//841 399//841
f 394//842 396//842 408//842
f 395//843 409//843 397//843
f 392//844 394//844 410//844
f 393//845 411//845 395//845
f 410//846 412//846 390//846
f 411//847 393//847 391//847
f 412//848 410//848 418//848
f 413//849 419//849 411//849
f 422//850 420//850 410//850
f 423//851 409//851 411//851
f 408//852 406//852 422//852
f 409//853 423//853 407//853
f 406//854 404//854 424//854
f 407//855 425//855 405//855
f 404//856 402//856 426//856
f 405//857 427//857 403//857
f 414//858 416//858 428//858
f 415//859 403//859 429//859
f 442//860 318//860 444//860
f 443//861 445//861 319//861
f 444//862 320//862 412//862
f 445//863 413//863 321//863
f 318//864 442//864 312//864
f 319//865 311//865 313//865
f 430//866 414//866 388//866
f 431//867 383//867 389//867
f 418//868 440//868 444//868
f 419//869 413//869 445//869
f 440//870 438//870 444//870
f 441//871 445//871 439//871
f 446//872 438//872 436//872
f 447//873 435//873 437//873
f 434//874 432//874 446//874
f 435//875 447//875 433//875
f 450//876 430//876 432//876
f 451//877 433//877 431//877
f 416//878 414//878 450//878
f 417//879 451//879 415//879
f 382//880 312//880 430//880
f 383//881 431//881 313//881
f 448//882 312//882 446//882
f 449//883 447//883 313//883
f 450//884 452//884 476//884
f 451//885 417//885 477//885
f 452//886 450//886 462//886
f 453//887 463//887 451//887
f 434//427 460//427 462//427
f 435//428 433//428 463//428
f 460//888 434//888 458//888
f 461//889 459//889 435//889
f 458//890 436//890 456//890
f 459//891 457//891 437//891
f 440//892 454//892 456//892
f 441//893 439//893 457//893
f 418//894 474//894 454//894
f 419//895 441//895 455//895
f 416//896 476//896 464//896
f 417//897 429//897 465//897
f 428//898 464//898 466//898
f 429//899 427//899 467//899
f 426//900 466//900 468//900
f 427//901 425//901 469//901
f 470//902 422//902 468//902
f 471//903 469//903 423//903
f 472//904 420//904 470//904
f 473//905 471//905 421//905
f 474//906 418//906 472//906
f 475//907 473//907 419//907
f 478//908 458//908 480//908
f 479//909 481//909 459//909
f 484//910 478//910 482//910
f 485//911 483//911 479//911
f 482//912 488//912 486//912
f 483//913 485//913 487//913
f 492//914 486//914 490//914
f 493//915 491//915 487//915
f 476//916 486//916 492//916
f 477//917 465//917 493//917
f 476//918 452//918 486//918
f 477//919 487//919 453//919
f 484//920 452//920 478//920
f 485//921 479//921 453//921
f 478//922 462//922 460//922
f 479//923 459//923 461//923
f 474//924 480//924 456//924
f 475//925 455//925 457//925
f 474//926 472//926 480//926
f 475//927 481//927 473//927
f 472//928 470//928 482//928
f 473//929 483//929 471//929
f 470//930 468//930 488//930
f 471//931 489//931 469//931
f 492//932 490//932 468//932
f 493//933 467//933 469//933
f 390//934 504//934 502//934
f 391//935 393//935 503//935
f 392//936 502//936 500//936
f 393//937 395//937 501//937
f 498//938 396//938 500//938
f 499//939 501//939 397//939
f 496//940 398//940 498//940
f 497//941 499//941 399//941
f 494//942 400//942 496//942
f 495//943 497//943 401//943
f 506//944 388//944 494//944
f 507//945 495//945 389//945
f 506//946 494//946 504//946
f 507//947 505//947 495//947
f 496//948 500//948 502//948
f 497//949 495//949 503//949
f 506//950 314//950 388//950
f 507//951 389//951 315//951
f 322//952 314//952 504//952
f 323//953 505//953 315//953
f 322//954 504//954 390//954
f 323//955 321//955 391//955
